1872
0 	1 	53 	54 	
795775 	0
0	0	0	0	
1 	2 	54 	55 	
795.775 	0
0	0	0	0	
2 	3 	55 	56 	
795.775 	0
0	0	0	0	
3 	4 	56 	57 	
795.775 	0
0	0	0	0	
4 	5 	57 	58 	
795.775 	0
0	0	0	0	
5 	6 	58 	59 	
795.775 	0
0	0	0	0	
6 	7 	59 	60 	
795.775 	0
0	0	0	0	
7 	8 	60 	61 	
795.775 	0
0	0	0	0	
8 	9 	61 	62 	
795.775 	0
0	0	0	0	
9 	10 	62 	63 	
795.775 	0
0	0	0	0	
10 	11 	63 	64 	
795775 	0
0	0	0	0	
11 	12 	64 	65 	
795775 	0
0	0	0	0	
12 	13 	65 	66 	
795775 	0
0	0	0	0	
13 	14 	66 	67 	
795775 	0
0	0	0	0	
14 	15 	67 	68 	
795775 	0
0	0	0	0	
15 	16 	68 	69 	
795775 	0
0	0	0	0	
16 	17 	69 	70 	
795775 	0
0	0	0	0	
17 	18 	70 	71 	
795775 	0
0	0	0	0	
18 	19 	71 	72 	
795775 	0
0	0	0	0	
19 	20 	72 	73 	
795775 	0
0	0	0	0	
20 	21 	73 	74 	
795775 	0
0	0	0	0	
21 	22 	74 	75 	
795775 	0
0	0	0	0	
22 	23 	75 	76 	
795775 	0
0	0	0	0	
23 	24 	76 	77 	
795775 	0
0	0	0	0	
24 	25 	77 	78 	
795775 	0
0	0	0	0	
25 	26 	78 	79 	
795775 	0
0	0	0	0	
26 	27 	79 	80 	
795775 	0
0	0	0	0	
27 	28 	80 	81 	
795775 	0
0	0	0	0	
28 	29 	81 	82 	
795775 	0
0	0	0	0	
29 	30 	82 	83 	
795775 	0
0	0	0	0	
30 	31 	83 	84 	
795775 	0
0	0	0	0	
31 	32 	84 	85 	
795775 	0
0	0	0	0	
32 	33 	85 	86 	
795775 	0
0	0	0	0	
33 	34 	86 	87 	
795775 	0
0	0	0	0	
34 	35 	87 	88 	
795775 	0
0	0	0	0	
35 	36 	88 	89 	
795775 	0
0	0	0	0	
36 	37 	89 	90 	
795775 	0
0	0	0	0	
37 	38 	90 	91 	
795775 	0
0	0	0	0	
38 	39 	91 	92 	
795775 	0
0	0	0	0	
39 	40 	92 	93 	
795775 	0
0	0	0	0	
40 	41 	93 	94 	
795775 	0
0	0	0	0	
41 	42 	94 	95 	
795775 	0
0	0	0	0	
42 	43 	95 	96 	
795.775 	0
0	0	0	0	
43 	44 	96 	97 	
795.775 	0
0	0	0	0	
44 	45 	97 	98 	
795.775 	0
0	0	0	0	
45 	46 	98 	99 	
795.775 	0
0	0	0	0	
46 	47 	99 	100 	
795.775 	0
0	0	0	0	
47 	48 	100 	101 	
795.775 	0
0	0	0	0	
48 	49 	101 	102 	
795.775 	0
0	0	0	0	
49 	50 	102 	103 	
795.775 	0
0	0	0	0	
50 	51 	103 	104 	
795.775 	0
0	0	0	0	
51 	52 	104 	105 	
795775 	0
0	0	0	0	
53 	54 	106 	107 	
795775 	0
0	0	0	0	
54 	55 	107 	108 	
795.775 	0
0	0	0	0	
55 	56 	108 	109 	
795.775 	0
0	0	0	0	
56 	57 	109 	110 	
795.775 	0
0	0	0	0	
57 	58 	110 	111 	
795.775 	0
0	0	0	0	
58 	59 	111 	112 	
795.775 	0
0	0	0	0	
59 	60 	112 	113 	
795.775 	0
0	0	0	0	
60 	61 	113 	114 	
795.775 	0
0	0	0	0	
61 	62 	114 	115 	
795.775 	0
0	0	0	0	
62 	63 	115 	116 	
795.775 	0
0	0	0	0	
63 	64 	116 	117 	
795775 	0
0	0	0	0	
64 	65 	117 	118 	
795775 	0
0	0	0	0	
65 	66 	118 	119 	
795775 	0
0	0	0	0	
66 	67 	119 	120 	
795775 	0
0	0	0	0	
67 	68 	120 	121 	
795775 	0
0	0	0	0	
68 	69 	121 	122 	
795775 	0
0	0	0	0	
69 	70 	122 	123 	
795775 	0
0	0	0	0	
70 	71 	123 	124 	
795775 	0
0	0	0	0	
71 	72 	124 	125 	
795775 	0
0	0	0	0	
72 	73 	125 	126 	
795775 	0
0	0	0	0	
73 	74 	126 	127 	
795775 	0
0	0	0	0	
74 	75 	127 	128 	
795775 	0
0	0	0	0	
75 	76 	128 	129 	
795775 	0
0	0	0	0	
76 	77 	129 	130 	
795775 	0
0	0	0	0	
77 	78 	130 	131 	
795775 	0
0	0	0	0	
78 	79 	131 	132 	
795775 	0
0	0	0	0	
79 	80 	132 	133 	
795775 	0
0	0	0	0	
80 	81 	133 	134 	
795775 	0
0	0	0	0	
81 	82 	134 	135 	
795775 	0
0	0	0	0	
82 	83 	135 	136 	
795775 	0
0	0	0	0	
83 	84 	136 	137 	
795775 	0
0	0	0	0	
84 	85 	137 	138 	
795775 	0
0	0	0	0	
85 	86 	138 	139 	
795775 	0
0	0	0	0	
86 	87 	139 	140 	
795775 	0
0	0	0	0	
87 	88 	140 	141 	
795775 	0
0	0	0	0	
88 	89 	141 	142 	
795775 	0
0	0	0	0	
89 	90 	142 	143 	
795775 	0
0	0	0	0	
90 	91 	143 	144 	
795775 	0
0	0	0	0	
91 	92 	144 	145 	
795775 	0
0	0	0	0	
92 	93 	145 	146 	
795775 	0
0	0	0	0	
93 	94 	146 	147 	
795775 	0
0	0	0	0	
94 	95 	147 	148 	
795775 	0
0	0	0	0	
95 	96 	148 	149 	
795.775 	0
0	0	0	0	
96 	97 	149 	150 	
795.775 	0
0	0	0	0	
97 	98 	150 	151 	
795.775 	0
0	0	0	0	
98 	99 	151 	152 	
795.775 	0
0	0	0	0	
99 	100 	152 	153 	
795.775 	0
0	0	0	0	
100 	101 	153 	154 	
795.775 	0
0	0	0	0	
101 	102 	154 	155 	
795.775 	0
0	0	0	0	
102 	103 	155 	156 	
795.775 	0
0	0	0	0	
103 	104 	156 	157 	
795.775 	0
0	0	0	0	
104 	105 	157 	158 	
795775 	0
0	0	0	0	
106 	107 	159 	160 	
795775 	0
0	0	0	0	
107 	108 	160 	161 	
795.775 	0
0	0	0	0	
108 	109 	161 	162 	
795.775 	0
0	0	0	0	
109 	110 	162 	163 	
795.775 	0
0	0	0	0	
110 	111 	163 	164 	
795.775 	0
0	0	0	0	
111 	112 	164 	165 	
795.775 	0
0	0	0	0	
112 	113 	165 	166 	
795.775 	0
0	0	0	0	
113 	114 	166 	167 	
795.775 	0
0	0	0	0	
114 	115 	167 	168 	
795.775 	0
0	0	0	0	
115 	116 	168 	169 	
795.775 	0
0	0	0	0	
116 	117 	169 	170 	
795775 	0
0	0	0	0	
117 	118 	170 	171 	
795775 	0
0	0	0	0	
118 	119 	171 	172 	
795775 	0
0	0	0	0	
119 	120 	172 	173 	
795775 	0
0	0	0	0	
120 	121 	173 	174 	
795775 	0
0	0	0	0	
121 	122 	174 	175 	
795775 	0
0	0	0	0	
122 	123 	175 	176 	
795775 	0
0	0	0	0	
123 	124 	176 	177 	
795775 	0
0	0	0	0	
124 	125 	177 	178 	
795775 	0
0	0	0	0	
125 	126 	178 	179 	
795775 	0
0	0	0	0	
126 	127 	179 	180 	
795775 	0
0	0	0	0	
127 	128 	180 	181 	
795.775 	0
0	0	0	0	
128 	129 	181 	182 	
795.775 	0
0	0	0	0	
129 	130 	182 	183 	
795.775 	0
0	0	0	0	
130 	131 	183 	184 	
795.775 	0
0	0	0	0	
131 	132 	184 	185 	
795.775 	0
0	0	0	0	
132 	133 	185 	186 	
795.775 	0
0	0	0	0	
133 	134 	186 	187 	
795.775 	0
0	0	0	0	
134 	135 	187 	188 	
795.775 	0
0	0	0	0	
135 	136 	188 	189 	
795.775 	0
0	0	0	0	
136 	137 	189 	190 	
795.775 	0
0	0	0	0	
137 	138 	190 	191 	
795775 	0
0	0	0	0	
138 	139 	191 	192 	
795775 	0
0	0	0	0	
139 	140 	192 	193 	
795775 	0
0	0	0	0	
140 	141 	193 	194 	
795775 	0
0	0	0	0	
141 	142 	194 	195 	
795775 	0
0	0	0	0	
142 	143 	195 	196 	
795775 	0
0	0	0	0	
143 	144 	196 	197 	
795775 	0
0	0	0	0	
144 	145 	197 	198 	
795775 	0
0	0	0	0	
145 	146 	198 	199 	
795775 	0
0	0	0	0	
146 	147 	199 	200 	
795775 	0
0	0	0	0	
147 	148 	200 	201 	
795775 	0
0	0	0	0	
148 	149 	201 	202 	
795.775 	0
0	0	0	0	
149 	150 	202 	203 	
795.775 	0
0	0	0	0	
150 	151 	203 	204 	
795.775 	0
0	0	0	0	
151 	152 	204 	205 	
795.775 	0
0	0	0	0	
152 	153 	205 	206 	
795.775 	0
0	0	0	0	
153 	154 	206 	207 	
795.775 	0
0	0	0	0	
154 	155 	207 	208 	
795.775 	0
0	0	0	0	
155 	156 	208 	209 	
795.775 	0
0	0	0	0	
156 	157 	209 	210 	
795.775 	0
0	0	0	0	
157 	158 	210 	211 	
795775 	0
0	0	0	0	
159 	160 	212 	213 	
795775 	0
0	0	0	0	
160 	161 	213 	214 	
795.775 	0
0	0	0	0	
161 	162 	214 	215 	
795.775 	0
0	0	0	0	
162 	163 	215 	216 	
795.775 	0
0	0	0	0	
163 	164 	216 	217 	
795.775 	0
0	0	0	0	
164 	165 	217 	218 	
795.775 	0
0	0	0	0	
165 	166 	218 	219 	
795.775 	0
0	0	0	0	
166 	167 	219 	220 	
795.775 	0
0	0	0	0	
167 	168 	220 	221 	
795.775 	0
0	0	0	0	
168 	169 	221 	222 	
795.775 	0
0	0	0	0	
169 	170 	222 	223 	
795775 	0
0	0	0	0	
170 	171 	223 	224 	
795775 	0
0	0	0	0	
171 	172 	224 	225 	
795775 	0
0	0	0	0	
172 	173 	225 	226 	
795775 	0
0	0	0	0	
173 	174 	226 	227 	
795775 	0
0	0	0	0	
174 	175 	227 	228 	
795775 	0
0	0	0	0	
175 	176 	228 	229 	
795775 	0
0	0	0	0	
176 	177 	229 	230 	
795775 	0
0	0	0	0	
177 	178 	230 	231 	
795775 	0
0	0	0	0	
178 	179 	231 	232 	
795775 	0
0	0	0	0	
179 	180 	232 	233 	
795775 	0
0	0	0	0	
180 	181 	233 	234 	
795.775 	0
0	0	0	0	
181 	182 	234 	235 	
795.775 	0
0	0	0	0	
182 	183 	235 	236 	
795.775 	0
0	0	0	0	
183 	184 	236 	237 	
795.775 	0
0	0	0	0	
184 	185 	237 	238 	
795.775 	0
0	0	0	0	
185 	186 	238 	239 	
795.775 	0
0	0	0	0	
186 	187 	239 	240 	
795.775 	0
0	0	0	0	
187 	188 	240 	241 	
795.775 	0
0	0	0	0	
188 	189 	241 	242 	
795.775 	0
0	0	0	0	
189 	190 	242 	243 	
795.775 	0
0	0	0	0	
190 	191 	243 	244 	
795775 	0
0	0	0	0	
191 	192 	244 	245 	
795775 	0
0	0	0	0	
192 	193 	245 	246 	
795775 	0
0	0	0	0	
193 	194 	246 	247 	
795775 	0
0	0	0	0	
194 	195 	247 	248 	
795775 	0
0	0	0	0	
195 	196 	248 	249 	
795775 	0
0	0	0	0	
196 	197 	249 	250 	
795775 	0
0	0	0	0	
197 	198 	250 	251 	
795775 	0
0	0	0	0	
198 	199 	251 	252 	
795775 	0
0	0	0	0	
199 	200 	252 	253 	
795775 	0
0	0	0	0	
200 	201 	253 	254 	
795775 	0
0	0	0	0	
201 	202 	254 	255 	
795.775 	0
0	0	0	0	
202 	203 	255 	256 	
795.775 	0
0	0	0	0	
203 	204 	256 	257 	
795.775 	0
0	0	0	0	
204 	205 	257 	258 	
795.775 	0
0	0	0	0	
205 	206 	258 	259 	
795.775 	0
0	0	0	0	
206 	207 	259 	260 	
795.775 	0
0	0	0	0	
207 	208 	260 	261 	
795.775 	0
0	0	0	0	
208 	209 	261 	262 	
795.775 	0
0	0	0	0	
209 	210 	262 	263 	
795.775 	0
0	0	0	0	
210 	211 	263 	264 	
795775 	0
0	0	0	0	
212 	213 	265 	266 	
795775 	0
0	0	0	0	
213 	214 	266 	267 	
795.775 	0
0	0	0	0	
214 	215 	267 	268 	
795.775 	0
0	0	0	0	
215 	216 	268 	269 	
795.775 	0
0	0	0	0	
216 	217 	269 	270 	
795.775 	0
0	0	0	0	
217 	218 	270 	271 	
795.775 	0
0	0	0	0	
218 	219 	271 	272 	
795.775 	0
0	0	0	0	
219 	220 	272 	273 	
795.775 	0
0	0	0	0	
220 	221 	273 	274 	
795.775 	0
0	0	0	0	
221 	222 	274 	275 	
795.775 	0
0	0	0	0	
222 	223 	275 	276 	
795775 	0
0	0	0	0	
223 	224 	276 	277 	
795775 	0
0	0	0	0	
224 	225 	277 	278 	
795775 	0
0	0	0	0	
225 	226 	278 	279 	
795775 	0
0	0	0	0	
226 	227 	279 	280 	
795775 	0
0	0	0	0	
227 	228 	280 	281 	
795775 	0
0	0	0	0	
228 	229 	281 	282 	
795775 	0
0	0	0	0	
229 	230 	282 	283 	
795775 	0
0	0	0	0	
230 	231 	283 	284 	
795775 	0
0	0	0	0	
231 	232 	284 	285 	
795775 	0
0	0	0	0	
232 	233 	285 	286 	
795775 	0
0	0	0	0	
233 	234 	286 	287 	
795.775 	0
0	0	0	0	
234 	235 	287 	288 	
795.775 	0
0	0	0	0	
235 	236 	288 	289 	
795.775 	0
0	0	0	0	
236 	237 	289 	290 	
795.775 	0
0	0	0	0	
237 	238 	290 	291 	
795.775 	0
0	0	0	0	
238 	239 	291 	292 	
795.775 	0
0	0	0	0	
239 	240 	292 	293 	
795.775 	0
0	0	0	0	
240 	241 	293 	294 	
795.775 	0
0	0	0	0	
241 	242 	294 	295 	
795.775 	0
0	0	0	0	
242 	243 	295 	296 	
795.775 	0
0	0	0	0	
243 	244 	296 	297 	
795775 	0
0	0	0	0	
244 	245 	297 	298 	
795775 	0
0	0	0	0	
245 	246 	298 	299 	
795775 	0
0	0	0	0	
246 	247 	299 	300 	
795775 	0
0	0	0	0	
247 	248 	300 	301 	
795775 	0
0	0	0	0	
248 	249 	301 	302 	
795775 	0
0	0	0	0	
249 	250 	302 	303 	
795775 	0
0	0	0	0	
250 	251 	303 	304 	
795775 	0
0	0	0	0	
251 	252 	304 	305 	
795775 	0
0	0	0	0	
252 	253 	305 	306 	
795775 	0
0	0	0	0	
253 	254 	306 	307 	
795775 	0
0	0	0	0	
254 	255 	307 	308 	
795.775 	0
0	0	0	0	
255 	256 	308 	309 	
795.775 	0
0	0	0	0	
256 	257 	309 	310 	
795.775 	0
0	0	0	0	
257 	258 	310 	311 	
795.775 	0
0	0	0	0	
258 	259 	311 	312 	
795.775 	0
0	0	0	0	
259 	260 	312 	313 	
795.775 	0
0	0	0	0	
260 	261 	313 	314 	
795.775 	0
0	0	0	0	
261 	262 	314 	315 	
795.775 	0
0	0	0	0	
262 	263 	315 	316 	
795.775 	0
0	0	0	0	
263 	264 	316 	317 	
795775 	0
0	0	0	0	
265 	266 	318 	319 	
795775 	0
0	0	0	0	
266 	267 	319 	320 	
795.775 	0
0	0	0	0	
267 	268 	320 	321 	
795.775 	0
0	0	0	0	
268 	269 	321 	322 	
795.775 	0
0	0	0	0	
269 	270 	322 	323 	
795.775 	0
0	0	0	0	
270 	271 	323 	324 	
795.775 	0
0	0	0	0	
271 	272 	324 	325 	
795.775 	0
0	0	0	0	
272 	273 	325 	326 	
795.775 	0
0	0	0	0	
273 	274 	326 	327 	
795.775 	0
0	0	0	0	
274 	275 	327 	328 	
795.775 	0
0	0	0	0	
275 	276 	328 	329 	
795775 	0
0	0	0	0	
276 	277 	329 	330 	
795775 	0
0	0	0	0	
277 	278 	330 	331 	
795775 	0
0	0	0	0	
278 	279 	331 	332 	
795775 	0
0	0	0	0	
279 	280 	332 	333 	
795775 	0
0	0	0	0	
280 	281 	333 	334 	
795775 	0
0	0	0	0	
281 	282 	334 	335 	
795775 	0
0	0	0	0	
282 	283 	335 	336 	
795775 	0
0	0	0	0	
283 	284 	336 	337 	
795775 	0
0	0	0	0	
284 	285 	337 	338 	
795775 	0
0	0	0	0	
285 	286 	338 	339 	
795775 	0
0	0	0	0	
286 	287 	339 	340 	
795.775 	0
0	0	0	0	
287 	288 	340 	341 	
795.775 	0
0	0	0	0	
288 	289 	341 	342 	
795.775 	0
0	0	0	0	
289 	290 	342 	343 	
795.775 	0
0	0	0	0	
290 	291 	343 	344 	
795.775 	0
0	0	0	0	
291 	292 	344 	345 	
795.775 	0
0	0	0	0	
292 	293 	345 	346 	
795.775 	0
0	0	0	0	
293 	294 	346 	347 	
795.775 	0
0	0	0	0	
294 	295 	347 	348 	
795.775 	0
0	0	0	0	
295 	296 	348 	349 	
795.775 	0
0	0	0	0	
296 	297 	349 	350 	
795775 	0
0	0	0	0	
297 	298 	350 	351 	
795775 	0
0	0	0	0	
298 	299 	351 	352 	
795775 	0
0	0	0	0	
299 	300 	352 	353 	
795775 	0
0	0	0	0	
300 	301 	353 	354 	
795775 	0
0	0	0	0	
301 	302 	354 	355 	
795775 	0
0	0	0	0	
302 	303 	355 	356 	
795775 	0
0	0	0	0	
303 	304 	356 	357 	
795775 	0
0	0	0	0	
304 	305 	357 	358 	
795775 	0
0	0	0	0	
305 	306 	358 	359 	
795775 	0
0	0	0	0	
306 	307 	359 	360 	
795775 	0
0	0	0	0	
307 	308 	360 	361 	
795.775 	0
0	0	0	0	
308 	309 	361 	362 	
795.775 	0
0	0	0	0	
309 	310 	362 	363 	
795.775 	0
0	0	0	0	
310 	311 	363 	364 	
795.775 	0
0	0	0	0	
311 	312 	364 	365 	
795.775 	0
0	0	0	0	
312 	313 	365 	366 	
795.775 	0
0	0	0	0	
313 	314 	366 	367 	
795.775 	0
0	0	0	0	
314 	315 	367 	368 	
795.775 	0
0	0	0	0	
315 	316 	368 	369 	
795.775 	0
0	0	0	0	
316 	317 	369 	370 	
795775 	0
0	0	0	0	
318 	319 	371 	372 	
795775 	0
0	0	0	0	
319 	320 	372 	373 	
795.775 	0
0	0	0	0	
320 	321 	373 	374 	
795.775 	0
0	0	0	0	
321 	322 	374 	375 	
795.775 	0
0	0	0	0	
322 	323 	375 	376 	
795.775 	0
0	0	0	0	
323 	324 	376 	377 	
795.775 	0
0	0	0	0	
324 	325 	377 	378 	
795.775 	0
0	0	0	0	
325 	326 	378 	379 	
795.775 	0
0	0	0	0	
326 	327 	379 	380 	
795.775 	0
0	0	0	0	
327 	328 	380 	381 	
795.775 	0
0	0	0	0	
328 	329 	381 	382 	
795775 	0
0	0	0	0	
329 	330 	382 	383 	
795775 	0
0	0	0	0	
330 	331 	383 	384 	
795775 	0
0	0	0	0	
331 	332 	384 	385 	
795775 	0
0	0	0	0	
332 	333 	385 	386 	
795775 	0
0	0	0	0	
333 	334 	386 	387 	
795775 	0
0	0	0	0	
334 	335 	387 	388 	
795775 	0
0	0	0	0	
335 	336 	388 	389 	
795775 	0
0	0	0	0	
336 	337 	389 	390 	
795775 	0
0	0	0	0	
337 	338 	390 	391 	
795775 	0
0	0	0	0	
338 	339 	391 	392 	
795775 	0
0	0	0	0	
339 	340 	392 	393 	
795.775 	0
0	0	0	0	
340 	341 	393 	394 	
795.775 	0
0	0	0	0	
341 	342 	394 	395 	
795.775 	0
0	0	0	0	
342 	343 	395 	396 	
795.775 	0
0	0	0	0	
343 	344 	396 	397 	
795.775 	0
0	0	0	0	
344 	345 	397 	398 	
795.775 	0
0	0	0	0	
345 	346 	398 	399 	
795.775 	0
0	0	0	0	
346 	347 	399 	400 	
795.775 	0
0	0	0	0	
347 	348 	400 	401 	
795.775 	0
0	0	0	0	
348 	349 	401 	402 	
795.775 	0
0	0	0	0	
349 	350 	402 	403 	
795775 	0
0	0	0	0	
350 	351 	403 	404 	
795775 	0
0	0	0	0	
351 	352 	404 	405 	
795775 	0
0	0	0	0	
352 	353 	405 	406 	
795775 	0
0	0	0	0	
353 	354 	406 	407 	
795775 	0
0	0	0	0	
354 	355 	407 	408 	
795775 	0
0	0	0	0	
355 	356 	408 	409 	
795775 	0
0	0	0	0	
356 	357 	409 	410 	
795775 	0
0	0	0	0	
357 	358 	410 	411 	
795775 	0
0	0	0	0	
358 	359 	411 	412 	
795775 	0
0	0	0	0	
359 	360 	412 	413 	
795775 	0
0	0	0	0	
360 	361 	413 	414 	
795.775 	0
0	0	0	0	
361 	362 	414 	415 	
795.775 	0
0	0	0	0	
362 	363 	415 	416 	
795.775 	0
0	0	0	0	
363 	364 	416 	417 	
795.775 	0
0	0	0	0	
364 	365 	417 	418 	
795.775 	0
0	0	0	0	
365 	366 	418 	419 	
795.775 	0
0	0	0	0	
366 	367 	419 	420 	
795.775 	0
0	0	0	0	
367 	368 	420 	421 	
795.775 	0
0	0	0	0	
368 	369 	421 	422 	
795.775 	0
0	0	0	0	
369 	370 	422 	423 	
795775 	0
0	0	0	0	
371 	372 	424 	425 	
795775 	0
0	0	0	0	
372 	373 	425 	426 	
795.775 	0
0	0	0	0	
373 	374 	426 	427 	
795.775 	0
0	0	0	0	
374 	375 	427 	428 	
795.775 	0
0	0	0	0	
375 	376 	428 	429 	
795.775 	0
0	0	0	0	
376 	377 	429 	430 	
795.775 	0
0	0	0	0	
377 	378 	430 	431 	
795.775 	0
0	0	0	0	
378 	379 	431 	432 	
795.775 	0
0	0	0	0	
379 	380 	432 	433 	
795.775 	0
0	0	0	0	
380 	381 	433 	434 	
795.775 	0
0	0	0	0	
381 	382 	434 	435 	
795775 	0
0	0	0	0	
382 	383 	435 	436 	
795775 	0
0	0	0	0	
383 	384 	436 	437 	
795775 	0
0	0	0	0	
384 	385 	437 	438 	
795775 	0
0	0	0	0	
385 	386 	438 	439 	
795775 	0
0	0	0	0	
386 	387 	439 	440 	
795775 	0
0	0	0	0	
387 	388 	440 	441 	
795775 	0
0	0	0	0	
388 	389 	441 	442 	
795775 	0
0	0	0	0	
389 	390 	442 	443 	
795775 	0
0	0	0	0	
390 	391 	443 	444 	
795775 	0
0	0	0	0	
391 	392 	444 	445 	
795775 	0
0	0	0	0	
392 	393 	445 	446 	
795.775 	0
0	0	0	0	
393 	394 	446 	447 	
795.775 	0
0	0	0	0	
394 	395 	447 	448 	
795.775 	0
0	0	0	0	
395 	396 	448 	449 	
795.775 	0
0	0	0	0	
396 	397 	449 	450 	
795.775 	0
0	0	0	0	
397 	398 	450 	451 	
795.775 	0
0	0	0	0	
398 	399 	451 	452 	
795.775 	0
0	0	0	0	
399 	400 	452 	453 	
795.775 	0
0	0	0	0	
400 	401 	453 	454 	
795.775 	0
0	0	0	0	
401 	402 	454 	455 	
795.775 	0
0	0	0	0	
402 	403 	455 	456 	
795775 	0
0	0	0	0	
403 	404 	456 	457 	
795775 	0
0	0	0	0	
404 	405 	457 	458 	
795775 	0
0	0	0	0	
405 	406 	458 	459 	
795775 	0
0	0	0	0	
406 	407 	459 	460 	
795775 	0
0	0	0	0	
407 	408 	460 	461 	
795775 	0
0	0	0	0	
408 	409 	461 	462 	
795775 	0
0	0	0	0	
409 	410 	462 	463 	
795775 	0
0	0	0	0	
410 	411 	463 	464 	
795775 	0
0	0	0	0	
411 	412 	464 	465 	
795775 	0
0	0	0	0	
412 	413 	465 	466 	
795775 	0
0	0	0	0	
413 	414 	466 	467 	
795.775 	0
0	0	0	0	
414 	415 	467 	468 	
795.775 	0
0	0	0	0	
415 	416 	468 	469 	
795.775 	0
0	0	0	0	
416 	417 	469 	470 	
795.775 	0
0	0	0	0	
417 	418 	470 	471 	
795.775 	0
0	0	0	0	
418 	419 	471 	472 	
795.775 	0
0	0	0	0	
419 	420 	472 	473 	
795.775 	0
0	0	0	0	
420 	421 	473 	474 	
795.775 	0
0	0	0	0	
421 	422 	474 	475 	
795.775 	0
0	0	0	0	
422 	423 	475 	476 	
795775 	0
0	0	0	0	
424 	425 	477 	478 	
795775 	0
0	0	0	0	
425 	426 	478 	479 	
795.775 	0
0	0	0	0	
426 	427 	479 	480 	
795.775 	0
0	0	0	0	
427 	428 	480 	481 	
795.775 	0
0	0	0	0	
428 	429 	481 	482 	
795.775 	0
0	0	0	0	
429 	430 	482 	483 	
795.775 	0
0	0	0	0	
430 	431 	483 	484 	
795.775 	0
0	0	0	0	
431 	432 	484 	485 	
795.775 	0
0	0	0	0	
432 	433 	485 	486 	
795.775 	0
0	0	0	0	
433 	434 	486 	487 	
795.775 	0
0	0	0	0	
434 	435 	487 	488 	
795775 	0
0	0	0	0	
435 	436 	488 	489 	
795775 	0
0	0	0	0	
436 	437 	489 	490 	
795775 	0
0	0	0	0	
437 	438 	490 	491 	
795775 	0
0	0	0	0	
438 	439 	491 	492 	
795775 	0
0	0	0	0	
439 	440 	492 	493 	
795775 	0
0	0	0	0	
440 	441 	493 	494 	
795775 	0
0	0	0	0	
441 	442 	494 	495 	
795775 	0
0	0	0	0	
442 	443 	495 	496 	
795775 	0
0	0	0	0	
443 	444 	496 	497 	
795775 	0
0	0	0	0	
444 	445 	497 	498 	
795775 	0
0	0	0	0	
445 	446 	498 	499 	
795.775 	0
0	0	0	0	
446 	447 	499 	500 	
795.775 	0
0	0	0	0	
447 	448 	500 	501 	
795.775 	0
0	0	0	0	
448 	449 	501 	502 	
795.775 	0
0	0	0	0	
449 	450 	502 	503 	
795.775 	0
0	0	0	0	
450 	451 	503 	504 	
795.775 	0
0	0	0	0	
451 	452 	504 	505 	
795.775 	0
0	0	0	0	
452 	453 	505 	506 	
795.775 	0
0	0	0	0	
453 	454 	506 	507 	
795.775 	0
0	0	0	0	
454 	455 	507 	508 	
795.775 	0
0	0	0	0	
455 	456 	508 	509 	
795775 	0
0	0	0	0	
456 	457 	509 	510 	
795775 	0
0	0	0	0	
457 	458 	510 	511 	
795775 	0
0	0	0	0	
458 	459 	511 	512 	
795775 	0
0	0	0	0	
459 	460 	512 	513 	
795775 	0
0	0	0	0	
460 	461 	513 	514 	
795775 	0
0	0	0	0	
461 	462 	514 	515 	
795775 	0
0	0	0	0	
462 	463 	515 	516 	
795775 	0
0	0	0	0	
463 	464 	516 	517 	
795775 	0
0	0	0	0	
464 	465 	517 	518 	
795775 	0
0	0	0	0	
465 	466 	518 	519 	
795775 	0
0	0	0	0	
466 	467 	519 	520 	
795.775 	0
0	0	0	0	
467 	468 	520 	521 	
795.775 	0
0	0	0	0	
468 	469 	521 	522 	
795.775 	0
0	0	0	0	
469 	470 	522 	523 	
795.775 	0
0	0	0	0	
470 	471 	523 	524 	
795.775 	0
0	0	0	0	
471 	472 	524 	525 	
795.775 	0
0	0	0	0	
472 	473 	525 	526 	
795.775 	0
0	0	0	0	
473 	474 	526 	527 	
795.775 	0
0	0	0	0	
474 	475 	527 	528 	
795.775 	0
0	0	0	0	
475 	476 	528 	529 	
795775 	0
0	0	0	0	
477 	478 	530 	531 	
795775 	0
0	0	0	0	
478 	479 	531 	532 	
795.775 	0
0	0	0	0	
479 	480 	532 	533 	
795.775 	0
0	0	0	0	
480 	481 	533 	534 	
795.775 	0
0	0	0	0	
481 	482 	534 	535 	
795.775 	0
0	0	0	0	
482 	483 	535 	536 	
795.775 	0
0	0	0	0	
483 	484 	536 	537 	
795.775 	0
0	0	0	0	
484 	485 	537 	538 	
795.775 	0
0	0	0	0	
485 	486 	538 	539 	
795.775 	0
0	0	0	0	
486 	487 	539 	540 	
795.775 	0
0	0	0	0	
487 	488 	540 	541 	
795775 	0
0	0	0	0	
488 	489 	541 	542 	
795775 	0
0	0	0	0	
489 	490 	542 	543 	
795775 	0
0	0	0	0	
490 	491 	543 	544 	
795775 	0
0	0	0	0	
491 	492 	544 	545 	
795775 	0
0	0	0	0	
492 	493 	545 	546 	
795775 	0
0	0	0	0	
493 	494 	546 	547 	
795775 	0
0	0	0	0	
494 	495 	547 	548 	
795775 	0
0	0	0	0	
495 	496 	548 	549 	
795775 	0
0	0	0	0	
496 	497 	549 	550 	
795775 	0
0	0	0	0	
497 	498 	550 	551 	
795775 	0
0	0	0	0	
498 	499 	551 	552 	
795.775 	0
0	0	0	0	
499 	500 	552 	553 	
795.775 	0
0	0	0	0	
500 	501 	553 	554 	
795.775 	0
0	0	0	0	
501 	502 	554 	555 	
795.775 	0
0	0	0	0	
502 	503 	555 	556 	
795.775 	0
0	0	0	0	
503 	504 	556 	557 	
795.775 	0
0	0	0	0	
504 	505 	557 	558 	
795.775 	0
0	0	0	0	
505 	506 	558 	559 	
795.775 	0
0	0	0	0	
506 	507 	559 	560 	
795.775 	0
0	0	0	0	
507 	508 	560 	561 	
795.775 	0
0	0	0	0	
508 	509 	561 	562 	
795775 	0
0	0	0	0	
509 	510 	562 	563 	
795775 	0
0	0	0	0	
510 	511 	563 	564 	
795775 	0
0	0	0	0	
511 	512 	564 	565 	
795775 	0
0	0	0	0	
512 	513 	565 	566 	
795775 	0
0	0	0	0	
513 	514 	566 	567 	
795775 	0
0	0	0	0	
514 	515 	567 	568 	
795775 	0
0	0	0	0	
515 	516 	568 	569 	
795775 	0
0	0	0	0	
516 	517 	569 	570 	
795775 	0
0	0	0	0	
517 	518 	570 	571 	
795775 	0
0	0	0	0	
518 	519 	571 	572 	
795775 	0
0	0	0	0	
519 	520 	572 	573 	
795.775 	0
0	0	0	0	
520 	521 	573 	574 	
795.775 	0
0	0	0	0	
521 	522 	574 	575 	
795.775 	0
0	0	0	0	
522 	523 	575 	576 	
795.775 	0
0	0	0	0	
523 	524 	576 	577 	
795.775 	0
0	0	0	0	
524 	525 	577 	578 	
795.775 	0
0	0	0	0	
525 	526 	578 	579 	
795.775 	0
0	0	0	0	
526 	527 	579 	580 	
795.775 	0
0	0	0	0	
527 	528 	580 	581 	
795.775 	0
0	0	0	0	
528 	529 	581 	582 	
795775 	0
0	0	0	0	
530 	531 	583 	584 	
795775 	0
0	0	0	0	
531 	532 	584 	585 	
795.775 	0
0	0	0	0	
532 	533 	585 	586 	
795.775 	0
0	0	0	0	
533 	534 	586 	587 	
795.775 	0
0	0	0	0	
534 	535 	587 	588 	
795.775 	0
0	0	0	0	
535 	536 	588 	589 	
795.775 	0
0	0	0	0	
536 	537 	589 	590 	
795.775 	0
0	0	0	0	
537 	538 	590 	591 	
795.775 	0
0	0	0	0	
538 	539 	591 	592 	
795.775 	0
0	0	0	0	
539 	540 	592 	593 	
795.775 	0
0	0	0	0	
540 	541 	593 	594 	
795775 	0
0	0	0	0	
541 	542 	594 	595 	
795775 	0
0	0	0	0	
542 	543 	595 	596 	
795775 	0
0	0	0	0	
543 	544 	596 	597 	
795775 	0
0	0	0	0	
544 	545 	597 	598 	
795775 	0
0	0	0	0	
545 	546 	598 	599 	
795775 	0
0	0	0	0	
546 	547 	599 	600 	
795775 	0
0	0	0	0	
547 	548 	600 	601 	
795775 	0
0	0	0	0	
548 	549 	601 	602 	
795775 	0
0	0	0	0	
549 	550 	602 	603 	
795775 	0
0	0	0	0	
550 	551 	603 	604 	
795775 	0
0	0	0	0	
551 	552 	604 	605 	
795.775 	0
0	0	0	0	
552 	553 	605 	606 	
795.775 	0
0	0	0	0	
553 	554 	606 	607 	
795.775 	0
0	0	0	0	
554 	555 	607 	608 	
795.775 	0
0	0	0	0	
555 	556 	608 	609 	
795.775 	0
0	0	0	0	
556 	557 	609 	610 	
795.775 	0
0	0	0	0	
557 	558 	610 	611 	
795.775 	0
0	0	0	0	
558 	559 	611 	612 	
795.775 	0
0	0	0	0	
559 	560 	612 	613 	
795.775 	0
0	0	0	0	
560 	561 	613 	614 	
795.775 	0
0	0	0	0	
561 	562 	614 	615 	
795775 	0
0	0	0	0	
562 	563 	615 	616 	
795775 	0
0	0	0	0	
563 	564 	616 	617 	
795775 	0
0	0	0	0	
564 	565 	617 	618 	
795775 	0
0	0	0	0	
565 	566 	618 	619 	
795775 	0
0	0	0	0	
566 	567 	619 	620 	
795775 	0
0	0	0	0	
567 	568 	620 	621 	
795775 	0
0	0	0	0	
568 	569 	621 	622 	
795775 	0
0	0	0	0	
569 	570 	622 	623 	
795775 	0
0	0	0	0	
570 	571 	623 	624 	
795775 	0
0	0	0	0	
571 	572 	624 	625 	
795775 	0
0	0	0	0	
572 	573 	625 	626 	
795.775 	0
0	0	0	0	
573 	574 	626 	627 	
795.775 	0
0	0	0	0	
574 	575 	627 	628 	
795.775 	0
0	0	0	0	
575 	576 	628 	629 	
795.775 	0
0	0	0	0	
576 	577 	629 	630 	
795.775 	0
0	0	0	0	
577 	578 	630 	631 	
795.775 	0
0	0	0	0	
578 	579 	631 	632 	
795.775 	0
0	0	0	0	
579 	580 	632 	633 	
795.775 	0
0	0	0	0	
580 	581 	633 	634 	
795.775 	0
0	0	0	0	
581 	582 	634 	635 	
795775 	0
0	0	0	0	
583 	584 	636 	637 	
795775 	0
0	0	0	0	
584 	585 	637 	638 	
795.775 	0
0	0	0	0	
585 	586 	638 	639 	
795.775 	0
0	0	0	0	
586 	587 	639 	640 	
795.775 	0
0	0	0	0	
587 	588 	640 	641 	
795.775 	0
0	0	0	0	
588 	589 	641 	642 	
795.775 	0
0	0	0	0	
589 	590 	642 	643 	
795.775 	0
0	0	0	0	
590 	591 	643 	644 	
795.775 	0
0	0	0	0	
591 	592 	644 	645 	
795.775 	0
0	0	0	0	
592 	593 	645 	646 	
795.775 	0
0	0	0	0	
593 	594 	646 	647 	
795775 	0
0	0	0	0	
594 	595 	647 	648 	
795775 	0
0	0	0	0	
595 	596 	648 	649 	
795775 	0
0	0	0	0	
596 	597 	649 	650 	
795775 	0
0	0	0	0	
597 	598 	650 	651 	
795775 	0
0	0	0	0	
598 	599 	651 	652 	
795775 	0
0	0	0	0	
599 	600 	652 	653 	
795775 	0
0	0	0	0	
600 	601 	653 	654 	
795775 	0
0	0	0	0	
601 	602 	654 	655 	
795775 	0
0	0	0	0	
602 	603 	655 	656 	
795775 	0
0	0	0	0	
603 	604 	656 	657 	
795775 	0
0	0	0	0	
604 	605 	657 	658 	
795.775 	0
0	0	0	0	
605 	606 	658 	659 	
795.775 	0
0	0	0	0	
606 	607 	659 	660 	
795.775 	0
0	0	0	0	
607 	608 	660 	661 	
795.775 	0
0	0	0	0	
608 	609 	661 	662 	
795.775 	0
0	0	0	0	
609 	610 	662 	663 	
795.775 	0
0	0	0	0	
610 	611 	663 	664 	
795.775 	0
0	0	0	0	
611 	612 	664 	665 	
795.775 	0
0	0	0	0	
612 	613 	665 	666 	
795.775 	0
0	0	0	0	
613 	614 	666 	667 	
795.775 	0
0	0	0	0	
614 	615 	667 	668 	
795775 	0
0	0	0	0	
615 	616 	668 	669 	
795775 	0
0	0	0	0	
616 	617 	669 	670 	
795775 	0
0	0	0	0	
617 	618 	670 	671 	
795775 	0
0	0	0	0	
618 	619 	671 	672 	
795775 	0
0	0	0	0	
619 	620 	672 	673 	
795775 	0
0	0	0	0	
620 	621 	673 	674 	
795775 	0
0	0	0	0	
621 	622 	674 	675 	
795775 	0
0	0	0	0	
622 	623 	675 	676 	
795775 	0
0	0	0	0	
623 	624 	676 	677 	
795775 	0
0	0	0	0	
624 	625 	677 	678 	
795775 	0
0	0	0	0	
625 	626 	678 	679 	
795.775 	0
0	0	0	0	
626 	627 	679 	680 	
795.775 	0
0	0	0	0	
627 	628 	680 	681 	
795.775 	0
0	0	0	0	
628 	629 	681 	682 	
795.775 	0
0	0	0	0	
629 	630 	682 	683 	
795.775 	0
0	0	0	0	
630 	631 	683 	684 	
795.775 	0
0	0	0	0	
631 	632 	684 	685 	
795.775 	0
0	0	0	0	
632 	633 	685 	686 	
795.775 	0
0	0	0	0	
633 	634 	686 	687 	
795.775 	0
0	0	0	0	
634 	635 	687 	688 	
795775 	0
0	0	0	0	
636 	637 	689 	690 	
795775 	0
0	0	0	0	
637 	638 	690 	691 	
795.775 	0
0	0	0	0	
638 	639 	691 	692 	
795.775 	0
0	0	0	0	
639 	640 	692 	693 	
795.775 	0
0	0	0	0	
640 	641 	693 	694 	
795.775 	0
0	0	0	0	
641 	642 	694 	695 	
795.775 	0
0	0	0	0	
642 	643 	695 	696 	
795.775 	0
0	0	0	0	
643 	644 	696 	697 	
795.775 	0
0	0	0	0	
644 	645 	697 	698 	
795.775 	0
0	0	0	0	
645 	646 	698 	699 	
795.775 	0
0	0	0	0	
646 	647 	699 	700 	
795775 	0
0	0	0	0	
647 	648 	700 	701 	
795775 	0
0	0	0	0	
648 	649 	701 	702 	
795775 	0
0	0	0	0	
649 	650 	702 	703 	
795775 	0
0	0	0	0	
650 	651 	703 	704 	
795775 	0
0	0	0	0	
651 	652 	704 	705 	
795775 	0
0	0	0	0	
652 	653 	705 	706 	
795775 	0
0	0	0	0	
653 	654 	706 	707 	
795775 	0
0	0	0	0	
654 	655 	707 	708 	
795775 	0
0	0	0	0	
655 	656 	708 	709 	
795775 	0
0	0	0	0	
656 	657 	709 	710 	
795775 	0
0	0	0	0	
657 	658 	710 	711 	
795.775 	0
0	0	0	0	
658 	659 	711 	712 	
795.775 	0
0	0	0	0	
659 	660 	712 	713 	
795.775 	0
0	0	0	0	
660 	661 	713 	714 	
795.775 	0
0	0	0	0	
661 	662 	714 	715 	
795.775 	0
0	0	0	0	
662 	663 	715 	716 	
795.775 	0
0	0	0	0	
663 	664 	716 	717 	
795.775 	0
0	0	0	0	
664 	665 	717 	718 	
795.775 	0
0	0	0	0	
665 	666 	718 	719 	
795.775 	0
0	0	0	0	
666 	667 	719 	720 	
795.775 	0
0	0	0	0	
667 	668 	720 	721 	
795775 	0
0	0	0	0	
668 	669 	721 	722 	
795775 	0
0	0	0	0	
669 	670 	722 	723 	
795775 	0
0	0	0	0	
670 	671 	723 	724 	
795775 	0
0	0	0	0	
671 	672 	724 	725 	
795775 	0
0	0	0	0	
672 	673 	725 	726 	
795775 	0
0	0	0	0	
673 	674 	726 	727 	
795775 	0
0	0	0	0	
674 	675 	727 	728 	
795775 	0
0	0	0	0	
675 	676 	728 	729 	
795775 	0
0	0	0	0	
676 	677 	729 	730 	
795775 	0
0	0	0	0	
677 	678 	730 	731 	
795775 	0
0	0	0	0	
678 	679 	731 	732 	
795.775 	0
0	0	0	0	
679 	680 	732 	733 	
795.775 	0
0	0	0	0	
680 	681 	733 	734 	
795.775 	0
0	0	0	0	
681 	682 	734 	735 	
795.775 	0
0	0	0	0	
682 	683 	735 	736 	
795.775 	0
0	0	0	0	
683 	684 	736 	737 	
795.775 	0
0	0	0	0	
684 	685 	737 	738 	
795.775 	0
0	0	0	0	
685 	686 	738 	739 	
795.775 	0
0	0	0	0	
686 	687 	739 	740 	
795.775 	0
0	0	0	0	
687 	688 	740 	741 	
795775 	0
0	0	0	0	
689 	690 	742 	743 	
795775 	0
0	0	0	0	
690 	691 	743 	744 	
795.775 	0
0	0	0	0	
691 	692 	744 	745 	
795.775 	0
0	0	0	0	
692 	693 	745 	746 	
795.775 	0
0	0	0	0	
693 	694 	746 	747 	
795.775 	0
0	0	0	0	
694 	695 	747 	748 	
795.775 	0
0	0	0	0	
695 	696 	748 	749 	
795.775 	0
0	0	0	0	
696 	697 	749 	750 	
795.775 	0
0	0	0	0	
697 	698 	750 	751 	
795.775 	0
0	0	0	0	
698 	699 	751 	752 	
795.775 	0
0	0	0	0	
699 	700 	752 	753 	
795775 	0
0	0	0	0	
700 	701 	753 	754 	
795775 	0
0	0	0	0	
701 	702 	754 	755 	
795775 	0
0	0	0	0	
702 	703 	755 	756 	
795775 	0
0	0	0	0	
703 	704 	756 	757 	
795775 	0
0	0	0	0	
704 	705 	757 	758 	
795775 	0
0	0	0	0	
705 	706 	758 	759 	
795775 	0
0	0	0	0	
706 	707 	759 	760 	
795775 	0
0	0	0	0	
707 	708 	760 	761 	
795775 	0
0	0	0	0	
708 	709 	761 	762 	
795775 	0
0	0	0	0	
709 	710 	762 	763 	
795775 	0
0	0	0	0	
710 	711 	763 	764 	
795.775 	0
0	0	0	0	
711 	712 	764 	765 	
795.775 	0
0	0	0	0	
712 	713 	765 	766 	
795.775 	0
0	0	0	0	
713 	714 	766 	767 	
795.775 	0
0	0	0	0	
714 	715 	767 	768 	
795.775 	0
0	0	0	0	
715 	716 	768 	769 	
795.775 	0
0	0	0	0	
716 	717 	769 	770 	
795.775 	0
0	0	0	0	
717 	718 	770 	771 	
795.775 	0
0	0	0	0	
718 	719 	771 	772 	
795.775 	0
0	0	0	0	
719 	720 	772 	773 	
795.775 	0
0	0	0	0	
720 	721 	773 	774 	
795775 	0
0	0	0	0	
721 	722 	774 	775 	
795775 	0
0	0	0	0	
722 	723 	775 	776 	
795775 	0
0	0	0	0	
723 	724 	776 	777 	
795775 	0
0	0	0	0	
724 	725 	777 	778 	
795775 	0
0	0	0	0	
725 	726 	778 	779 	
795775 	0
0	0	0	0	
726 	727 	779 	780 	
795775 	0
0	0	0	0	
727 	728 	780 	781 	
795775 	0
0	0	0	0	
728 	729 	781 	782 	
795775 	0
0	0	0	0	
729 	730 	782 	783 	
795775 	0
0	0	0	0	
730 	731 	783 	784 	
795775 	0
0	0	0	0	
731 	732 	784 	785 	
795.775 	0
0	0	0	0	
732 	733 	785 	786 	
795.775 	0
0	0	0	0	
733 	734 	786 	787 	
795.775 	0
0	0	0	0	
734 	735 	787 	788 	
795.775 	0
0	0	0	0	
735 	736 	788 	789 	
795.775 	0
0	0	0	0	
736 	737 	789 	790 	
795.775 	0
0	0	0	0	
737 	738 	790 	791 	
795.775 	0
0	0	0	0	
738 	739 	791 	792 	
795.775 	0
0	0	0	0	
739 	740 	792 	793 	
795.775 	0
0	0	0	0	
740 	741 	793 	794 	
795775 	0
0	0	0	0	
742 	743 	795 	796 	
795775 	0
0	0	0	0	
743 	744 	796 	797 	
795.775 	0
0	0	0	0	
744 	745 	797 	798 	
795.775 	0
0	0	0	0	
745 	746 	798 	799 	
795.775 	0
0	0	0	0	
746 	747 	799 	800 	
795.775 	0
0	0	0	0	
747 	748 	800 	801 	
795.775 	0
0	0	0	0	
748 	749 	801 	802 	
795.775 	0
0	0	0	0	
749 	750 	802 	803 	
795.775 	0
0	0	0	0	
750 	751 	803 	804 	
795.775 	0
0	0	0	0	
751 	752 	804 	805 	
795.775 	0
0	0	0	0	
752 	753 	805 	806 	
795775 	0
0	0	0	0	
753 	754 	806 	807 	
795775 	0
0	0	0	0	
754 	755 	807 	808 	
795775 	0
0	0	0	0	
755 	756 	808 	809 	
795775 	0
0	0	0	0	
756 	757 	809 	810 	
795775 	0
0	0	0	0	
757 	758 	810 	811 	
795775 	0
0	0	0	0	
758 	759 	811 	812 	
795775 	0
0	0	0	0	
759 	760 	812 	813 	
795775 	0
0	0	0	0	
760 	761 	813 	814 	
795775 	0
0	0	0	0	
761 	762 	814 	815 	
795775 	0
0	0	0	0	
762 	763 	815 	816 	
795775 	0
0	0	0	0	
763 	764 	816 	817 	
795.775 	0
0	0	0	0	
764 	765 	817 	818 	
795.775 	0
0	0	0	0	
765 	766 	818 	819 	
795.775 	0
0	0	0	0	
766 	767 	819 	820 	
795.775 	0
0	0	0	0	
767 	768 	820 	821 	
795.775 	0
0	0	0	0	
768 	769 	821 	822 	
795.775 	0
0	0	0	0	
769 	770 	822 	823 	
795.775 	0
0	0	0	0	
770 	771 	823 	824 	
795.775 	0
0	0	0	0	
771 	772 	824 	825 	
795.775 	0
0	0	0	0	
772 	773 	825 	826 	
795.775 	0
0	0	0	0	
773 	774 	826 	827 	
795775 	0
0	0	0	0	
774 	775 	827 	828 	
795775 	0
0	0	0	0	
775 	776 	828 	829 	
795775 	0
0	0	0	0	
776 	777 	829 	830 	
795775 	0
0	0	0	0	
777 	778 	830 	831 	
795775 	0
0	0	0	0	
778 	779 	831 	832 	
795775 	0
0	0	0	0	
779 	780 	832 	833 	
795775 	0
0	0	0	0	
780 	781 	833 	834 	
795775 	0
0	0	0	0	
781 	782 	834 	835 	
795775 	0
0	0	0	0	
782 	783 	835 	836 	
795775 	0
0	0	0	0	
783 	784 	836 	837 	
795775 	0
0	0	0	0	
784 	785 	837 	838 	
795.775 	0
0	0	0	0	
785 	786 	838 	839 	
795.775 	0
0	0	0	0	
786 	787 	839 	840 	
795.775 	0
0	0	0	0	
787 	788 	840 	841 	
795.775 	0
0	0	0	0	
788 	789 	841 	842 	
795.775 	0
0	0	0	0	
789 	790 	842 	843 	
795.775 	0
0	0	0	0	
790 	791 	843 	844 	
795.775 	0
0	0	0	0	
791 	792 	844 	845 	
795.775 	0
0	0	0	0	
792 	793 	845 	846 	
795.775 	0
0	0	0	0	
793 	794 	846 	847 	
795775 	0
0	0	0	0	
795 	796 	848 	849 	
795775 	0
0	0	0	0	
796 	797 	849 	850 	
795.775 	0
0	0	0	0	
797 	798 	850 	851 	
795.775 	0
0	0	0	0	
798 	799 	851 	852 	
795.775 	0
0	0	0	0	
799 	800 	852 	853 	
795.775 	0
0	0	0	0	
800 	801 	853 	854 	
795.775 	0
0	0	0	0	
801 	802 	854 	855 	
795.775 	0
0	0	0	0	
802 	803 	855 	856 	
795.775 	0
0	0	0	0	
803 	804 	856 	857 	
795.775 	0
0	0	0	0	
804 	805 	857 	858 	
795.775 	0
0	0	0	0	
805 	806 	858 	859 	
795775 	0
0	0	0	0	
806 	807 	859 	860 	
795775 	0
0	0	0	0	
807 	808 	860 	861 	
795775 	0
0	0	0	0	
808 	809 	861 	862 	
795775 	0
0	0	0	0	
809 	810 	862 	863 	
795775 	0
0	0	0	0	
810 	811 	863 	864 	
795775 	0
0	0	0	0	
811 	812 	864 	865 	
795775 	0
0	0	0	0	
812 	813 	865 	866 	
795775 	0
0	0	0	0	
813 	814 	866 	867 	
795775 	0
0	0	0	0	
814 	815 	867 	868 	
795775 	0
0	0	0	0	
815 	816 	868 	869 	
795775 	0
0	0	0	0	
816 	817 	869 	870 	
795.775 	0
0	0	0	0	
817 	818 	870 	871 	
795.775 	0
0	0	0	0	
818 	819 	871 	872 	
795.775 	0
0	0	0	0	
819 	820 	872 	873 	
795.775 	0
0	0	0	0	
820 	821 	873 	874 	
795.775 	0
0	0	0	0	
821 	822 	874 	875 	
795.775 	0
0	0	0	0	
822 	823 	875 	876 	
795.775 	0
0	0	0	0	
823 	824 	876 	877 	
795.775 	0
0	0	0	0	
824 	825 	877 	878 	
795.775 	0
0	0	0	0	
825 	826 	878 	879 	
795.775 	0
0	0	0	0	
826 	827 	879 	880 	
795775 	0
0	0	0	0	
827 	828 	880 	881 	
795775 	0
0	0	0	0	
828 	829 	881 	882 	
795775 	0
0	0	0	0	
829 	830 	882 	883 	
795775 	0
0	0	0	0	
830 	831 	883 	884 	
795775 	0
0	0	0	0	
831 	832 	884 	885 	
795775 	0
0	0	0	0	
832 	833 	885 	886 	
795775 	0
0	0	0	0	
833 	834 	886 	887 	
795775 	0
0	0	0	0	
834 	835 	887 	888 	
795775 	0
0	0	0	0	
835 	836 	888 	889 	
795775 	0
0	0	0	0	
836 	837 	889 	890 	
795775 	0
0	0	0	0	
837 	838 	890 	891 	
795.775 	0
0	0	0	0	
838 	839 	891 	892 	
795.775 	0
0	0	0	0	
839 	840 	892 	893 	
795.775 	0
0	0	0	0	
840 	841 	893 	894 	
795.775 	0
0	0	0	0	
841 	842 	894 	895 	
795.775 	0
0	0	0	0	
842 	843 	895 	896 	
795.775 	0
0	0	0	0	
843 	844 	896 	897 	
795.775 	0
0	0	0	0	
844 	845 	897 	898 	
795.775 	0
0	0	0	0	
845 	846 	898 	899 	
795.775 	0
0	0	0	0	
846 	847 	899 	900 	
795775 	0
0	0	0	0	
848 	849 	901 	902 	
795775 	0
0	0	0	0	
849 	850 	902 	903 	
795.775 	0
0	0	0	0	
850 	851 	903 	904 	
795.775 	0
0	0	0	0	
851 	852 	904 	905 	
795.775 	0
0	0	0	0	
852 	853 	905 	906 	
795.775 	0
0	0	0	0	
853 	854 	906 	907 	
795.775 	0
0	0	0	0	
854 	855 	907 	908 	
795.775 	0
0	0	0	0	
855 	856 	908 	909 	
795.775 	0
0	0	0	0	
856 	857 	909 	910 	
795.775 	0
0	0	0	0	
857 	858 	910 	911 	
795.775 	0
0	0	0	0	
858 	859 	911 	912 	
795775 	0
0	0	0	0	
859 	860 	912 	913 	
795775 	0
0	0	0	0	
860 	861 	913 	914 	
795775 	0
0	0	0	0	
861 	862 	914 	915 	
795775 	0
0	0	0	0	
862 	863 	915 	916 	
795775 	0
0	0	0	0	
863 	864 	916 	917 	
795775 	0
0	0	0	0	
864 	865 	917 	918 	
795775 	0
0	0	0	0	
865 	866 	918 	919 	
795775 	0
0	0	0	0	
866 	867 	919 	920 	
795775 	0
0	0	0	0	
867 	868 	920 	921 	
795775 	0
0	0	0	0	
868 	869 	921 	922 	
795775 	0
0	0	0	0	
869 	870 	922 	923 	
795.775 	0
0	0	0	0	
870 	871 	923 	924 	
795.775 	0
0	0	0	0	
871 	872 	924 	925 	
795.775 	0
0	0	0	0	
872 	873 	925 	926 	
795.775 	0
0	0	0	0	
873 	874 	926 	927 	
795.775 	0
0	0	0	0	
874 	875 	927 	928 	
795.775 	0
0	0	0	0	
875 	876 	928 	929 	
795.775 	0
0	0	0	0	
876 	877 	929 	930 	
795.775 	0
0	0	0	0	
877 	878 	930 	931 	
795.775 	0
0	0	0	0	
878 	879 	931 	932 	
795.775 	0
0	0	0	0	
879 	880 	932 	933 	
795775 	0
0	0	0	0	
880 	881 	933 	934 	
795775 	0
0	0	0	0	
881 	882 	934 	935 	
795775 	0
0	0	0	0	
882 	883 	935 	936 	
795775 	0
0	0	0	0	
883 	884 	936 	937 	
795775 	0
0	0	0	0	
884 	885 	937 	938 	
795775 	0
0	0	0	0	
885 	886 	938 	939 	
795775 	0
0	0	0	0	
886 	887 	939 	940 	
795775 	0
0	0	0	0	
887 	888 	940 	941 	
795775 	0
0	0	0	0	
888 	889 	941 	942 	
795775 	0
0	0	0	0	
889 	890 	942 	943 	
795775 	0
0	0	0	0	
890 	891 	943 	944 	
795.775 	0
0	0	0	0	
891 	892 	944 	945 	
795.775 	0
0	0	0	0	
892 	893 	945 	946 	
795.775 	0
0	0	0	0	
893 	894 	946 	947 	
795.775 	0
0	0	0	0	
894 	895 	947 	948 	
795.775 	0
0	0	0	0	
895 	896 	948 	949 	
795.775 	0
0	0	0	0	
896 	897 	949 	950 	
795.775 	0
0	0	0	0	
897 	898 	950 	951 	
795.775 	0
0	0	0	0	
898 	899 	951 	952 	
795.775 	0
0	0	0	0	
899 	900 	952 	953 	
795775 	0
0	0	0	0	
901 	902 	954 	955 	
795775 	0
0	0	0	0	
902 	903 	955 	956 	
795.775 	0
0	0	0	0	
903 	904 	956 	957 	
795.775 	0
0	0	0	0	
904 	905 	957 	958 	
795.775 	0
0	0	0	0	
905 	906 	958 	959 	
795.775 	0
0	0	0	0	
906 	907 	959 	960 	
795.775 	0
0	0	0	0	
907 	908 	960 	961 	
795.775 	0
0	0	0	0	
908 	909 	961 	962 	
795.775 	0
0	0	0	0	
909 	910 	962 	963 	
795.775 	0
0	0	0	0	
910 	911 	963 	964 	
795.775 	0
0	0	0	0	
911 	912 	964 	965 	
795775 	0
0	0	0	0	
912 	913 	965 	966 	
795775 	0
0	0	0	0	
913 	914 	966 	967 	
795775 	0
0	0	0	0	
914 	915 	967 	968 	
795775 	0
0	0	0	0	
915 	916 	968 	969 	
795775 	0
0	0	0	0	
916 	917 	969 	970 	
795775 	0
0	0	0	0	
917 	918 	970 	971 	
795775 	0
0	0	0	0	
918 	919 	971 	972 	
795775 	0
0	0	0	0	
919 	920 	972 	973 	
795775 	0
0	0	0	0	
920 	921 	973 	974 	
795775 	0
0	0	0	0	
921 	922 	974 	975 	
795775 	0
0	0	0	0	
922 	923 	975 	976 	
795.775 	0
0	0	0	0	
923 	924 	976 	977 	
795.775 	0
0	0	0	0	
924 	925 	977 	978 	
795.775 	0
0	0	0	0	
925 	926 	978 	979 	
795.775 	0
0	0	0	0	
926 	927 	979 	980 	
795.775 	0
0	0	0	0	
927 	928 	980 	981 	
795.775 	0
0	0	0	0	
928 	929 	981 	982 	
795.775 	0
0	0	0	0	
929 	930 	982 	983 	
795.775 	0
0	0	0	0	
930 	931 	983 	984 	
795.775 	0
0	0	0	0	
931 	932 	984 	985 	
795.775 	0
0	0	0	0	
932 	933 	985 	986 	
795775 	0
0	0	0	0	
933 	934 	986 	987 	
795775 	0
0	0	0	0	
934 	935 	987 	988 	
795775 	0
0	0	0	0	
935 	936 	988 	989 	
795775 	0
0	0	0	0	
936 	937 	989 	990 	
795775 	0
0	0	0	0	
937 	938 	990 	991 	
795775 	0
0	0	0	0	
938 	939 	991 	992 	
795775 	0
0	0	0	0	
939 	940 	992 	993 	
795775 	0
0	0	0	0	
940 	941 	993 	994 	
795775 	0
0	0	0	0	
941 	942 	994 	995 	
795775 	0
0	0	0	0	
942 	943 	995 	996 	
795775 	0
0	0	0	0	
943 	944 	996 	997 	
795.775 	0
0	0	0	0	
944 	945 	997 	998 	
795.775 	0
0	0	0	0	
945 	946 	998 	999 	
795.775 	0
0	0	0	0	
946 	947 	999 	1000 	
795.775 	0
0	0	0	0	
947 	948 	1000 	1001 	
795.775 	0
0	0	0	0	
948 	949 	1001 	1002 	
795.775 	0
0	0	0	0	
949 	950 	1002 	1003 	
795.775 	0
0	0	0	0	
950 	951 	1003 	1004 	
795.775 	0
0	0	0	0	
951 	952 	1004 	1005 	
795.775 	0
0	0	0	0	
952 	953 	1005 	1006 	
795775 	0
0	0	0	0	
954 	955 	1007 	1008 	
795775 	0
0	0	0	0	
955 	956 	1008 	1009 	
795.775 	0
0	0	0	0	
956 	957 	1009 	1010 	
795.775 	0
0	0	0	0	
957 	958 	1010 	1011 	
795.775 	0
0	0	0	0	
958 	959 	1011 	1012 	
795.775 	0
0	0	0	0	
959 	960 	1012 	1013 	
795.775 	0
0	0	0	0	
960 	961 	1013 	1014 	
795.775 	0
0	0	0	0	
961 	962 	1014 	1015 	
795.775 	0
0	0	0	0	
962 	963 	1015 	1016 	
795.775 	0
0	0	0	0	
963 	964 	1016 	1017 	
795.775 	0
0	0	0	0	
964 	965 	1017 	1018 	
795775 	0
0	0	0	0	
965 	966 	1018 	1019 	
795775 	0
0	0	0	0	
966 	967 	1019 	1020 	
795775 	0
0	0	0	0	
967 	968 	1020 	1021 	
795775 	0
1e+06	1e+06	1e+06	1e+06	
968 	969 	1021 	1022 	
795775 	0
1e+06	1e+06	1e+06	1e+06	
969 	970 	1022 	1023 	
795775 	0
1e+06	1e+06	1e+06	1e+06	
970 	971 	1023 	1024 	
795775 	0
1e+06	1e+06	1e+06	1e+06	
971 	972 	1024 	1025 	
795775 	0
1e+06	1e+06	1e+06	1e+06	
972 	973 	1025 	1026 	
795775 	0
0	0	0	0	
973 	974 	1026 	1027 	
795775 	0
0	0	0	0	
974 	975 	1027 	1028 	
795775 	0
0	0	0	0	
975 	976 	1028 	1029 	
795.775 	0
0	0	0	0	
976 	977 	1029 	1030 	
795.775 	0
0	0	0	0	
977 	978 	1030 	1031 	
795.775 	0
0	0	0	0	
978 	979 	1031 	1032 	
795.775 	0
0	0	0	0	
979 	980 	1032 	1033 	
795.775 	0
0	0	0	0	
980 	981 	1033 	1034 	
795.775 	0
0	0	0	0	
981 	982 	1034 	1035 	
795.775 	0
0	0	0	0	
982 	983 	1035 	1036 	
795.775 	0
0	0	0	0	
983 	984 	1036 	1037 	
795.775 	0
0	0	0	0	
984 	985 	1037 	1038 	
795.775 	0
0	0	0	0	
985 	986 	1038 	1039 	
795775 	0
0	0	0	0	
986 	987 	1039 	1040 	
795775 	0
0	0	0	0	
987 	988 	1040 	1041 	
795775 	0
0	0	0	0	
988 	989 	1041 	1042 	
795775 	0
-1e+06	-1e+06	-1e+06	-1e+06	
989 	990 	1042 	1043 	
795775 	0
-1e+06	-1e+06	-1e+06	-1e+06	
990 	991 	1043 	1044 	
795775 	0
-1e+06	-1e+06	-1e+06	-1e+06	
991 	992 	1044 	1045 	
795775 	0
-1e+06	-1e+06	-1e+06	-1e+06	
992 	993 	1045 	1046 	
795775 	0
-1e+06	-1e+06	-1e+06	-1e+06	
993 	994 	1046 	1047 	
795775 	0
0	0	0	0	
994 	995 	1047 	1048 	
795775 	0
0	0	0	0	
995 	996 	1048 	1049 	
795775 	0
0	0	0	0	
996 	997 	1049 	1050 	
795.775 	0
0	0	0	0	
997 	998 	1050 	1051 	
795.775 	0
0	0	0	0	
998 	999 	1051 	1052 	
795.775 	0
0	0	0	0	
999 	1000 	1052 	1053 	
795.775 	0
0	0	0	0	
1000 	1001 	1053 	1054 	
795.775 	0
0	0	0	0	
1001 	1002 	1054 	1055 	
795.775 	0
0	0	0	0	
1002 	1003 	1055 	1056 	
795.775 	0
0	0	0	0	
1003 	1004 	1056 	1057 	
795.775 	0
0	0	0	0	
1004 	1005 	1057 	1058 	
795.775 	0
0	0	0	0	
1005 	1006 	1058 	1059 	
795775 	0
0	0	0	0	
1007 	1008 	1060 	1061 	
795775 	0
0	0	0	0	
1008 	1009 	1061 	1062 	
795.775 	0
0	0	0	0	
1009 	1010 	1062 	1063 	
795.775 	0
0	0	0	0	
1010 	1011 	1063 	1064 	
795.775 	0
0	0	0	0	
1011 	1012 	1064 	1065 	
795.775 	0
0	0	0	0	
1012 	1013 	1065 	1066 	
795.775 	0
0	0	0	0	
1013 	1014 	1066 	1067 	
795.775 	0
0	0	0	0	
1014 	1015 	1067 	1068 	
795.775 	0
0	0	0	0	
1015 	1016 	1068 	1069 	
795.775 	0
0	0	0	0	
1016 	1017 	1069 	1070 	
795.775 	0
0	0	0	0	
1017 	1018 	1070 	1071 	
795775 	0
0	0	0	0	
1018 	1019 	1071 	1072 	
795775 	0
0	0	0	0	
1019 	1020 	1072 	1073 	
795775 	0
0	0	0	0	
1020 	1021 	1073 	1074 	
795775 	0
1e+06	1e+06	1e+06	1e+06	
1021 	1022 	1074 	1075 	
795775 	0
1e+06	1e+06	1e+06	1e+06	
1022 	1023 	1075 	1076 	
795775 	0
1e+06	1e+06	1e+06	1e+06	
1023 	1024 	1076 	1077 	
795775 	0
1e+06	1e+06	1e+06	1e+06	
1024 	1025 	1077 	1078 	
795775 	0
1e+06	1e+06	1e+06	1e+06	
1025 	1026 	1078 	1079 	
795775 	0
0	0	0	0	
1026 	1027 	1079 	1080 	
795775 	0
0	0	0	0	
1027 	1028 	1080 	1081 	
795775 	0
0	0	0	0	
1028 	1029 	1081 	1082 	
795.775 	0
0	0	0	0	
1029 	1030 	1082 	1083 	
795.775 	0
0	0	0	0	
1030 	1031 	1083 	1084 	
795.775 	0
0	0	0	0	
1031 	1032 	1084 	1085 	
795.775 	0
0	0	0	0	
1032 	1033 	1085 	1086 	
795.775 	0
0	0	0	0	
1033 	1034 	1086 	1087 	
795.775 	0
0	0	0	0	
1034 	1035 	1087 	1088 	
795.775 	0
0	0	0	0	
1035 	1036 	1088 	1089 	
795.775 	0
0	0	0	0	
1036 	1037 	1089 	1090 	
795.775 	0
0	0	0	0	
1037 	1038 	1090 	1091 	
795.775 	0
0	0	0	0	
1038 	1039 	1091 	1092 	
795775 	0
0	0	0	0	
1039 	1040 	1092 	1093 	
795775 	0
0	0	0	0	
1040 	1041 	1093 	1094 	
795775 	0
0	0	0	0	
1041 	1042 	1094 	1095 	
795775 	0
-1e+06	-1e+06	-1e+06	-1e+06	
1042 	1043 	1095 	1096 	
795775 	0
-1e+06	-1e+06	-1e+06	-1e+06	
1043 	1044 	1096 	1097 	
795775 	0
-1e+06	-1e+06	-1e+06	-1e+06	
1044 	1045 	1097 	1098 	
795775 	0
-1e+06	-1e+06	-1e+06	-1e+06	
1045 	1046 	1098 	1099 	
795775 	0
-1e+06	-1e+06	-1e+06	-1e+06	
1046 	1047 	1099 	1100 	
795775 	0
0	0	0	0	
1047 	1048 	1100 	1101 	
795775 	0
0	0	0	0	
1048 	1049 	1101 	1102 	
795775 	0
0	0	0	0	
1049 	1050 	1102 	1103 	
795.775 	0
0	0	0	0	
1050 	1051 	1103 	1104 	
795.775 	0
0	0	0	0	
1051 	1052 	1104 	1105 	
795.775 	0
0	0	0	0	
1052 	1053 	1105 	1106 	
795.775 	0
0	0	0	0	
1053 	1054 	1106 	1107 	
795.775 	0
0	0	0	0	
1054 	1055 	1107 	1108 	
795.775 	0
0	0	0	0	
1055 	1056 	1108 	1109 	
795.775 	0
0	0	0	0	
1056 	1057 	1109 	1110 	
795.775 	0
0	0	0	0	
1057 	1058 	1110 	1111 	
795.775 	0
0	0	0	0	
1058 	1059 	1111 	1112 	
795775 	0
0	0	0	0	
1060 	1061 	1113 	1114 	
795775 	0
0	0	0	0	
1061 	1062 	1114 	1115 	
795.775 	0
0	0	0	0	
1062 	1063 	1115 	1116 	
795.775 	0
0	0	0	0	
1063 	1064 	1116 	1117 	
795.775 	0
0	0	0	0	
1064 	1065 	1117 	1118 	
795.775 	0
0	0	0	0	
1065 	1066 	1118 	1119 	
795.775 	0
0	0	0	0	
1066 	1067 	1119 	1120 	
795.775 	0
0	0	0	0	
1067 	1068 	1120 	1121 	
795.775 	0
0	0	0	0	
1068 	1069 	1121 	1122 	
795.775 	0
0	0	0	0	
1069 	1070 	1122 	1123 	
795.775 	0
0	0	0	0	
1070 	1071 	1123 	1124 	
795775 	0
0	0	0	0	
1071 	1072 	1124 	1125 	
795775 	0
0	0	0	0	
1072 	1073 	1125 	1126 	
795775 	0
0	0	0	0	
1073 	1074 	1126 	1127 	
795775 	0
1e+06	1e+06	1e+06	1e+06	
1074 	1075 	1127 	1128 	
795775 	0
1e+06	1e+06	1e+06	1e+06	
1075 	1076 	1128 	1129 	
795775 	0
1e+06	1e+06	1e+06	1e+06	
1076 	1077 	1129 	1130 	
795775 	0
1e+06	1e+06	1e+06	1e+06	
1077 	1078 	1130 	1131 	
795775 	0
1e+06	1e+06	1e+06	1e+06	
1078 	1079 	1131 	1132 	
795775 	0
0	0	0	0	
1079 	1080 	1132 	1133 	
795775 	0
0	0	0	0	
1080 	1081 	1133 	1134 	
795775 	0
0	0	0	0	
1081 	1082 	1134 	1135 	
795.775 	0
0	0	0	0	
1082 	1083 	1135 	1136 	
795.775 	0
0	0	0	0	
1083 	1084 	1136 	1137 	
795.775 	0
0	0	0	0	
1084 	1085 	1137 	1138 	
795.775 	0
0	0	0	0	
1085 	1086 	1138 	1139 	
795.775 	0
0	0	0	0	
1086 	1087 	1139 	1140 	
795.775 	0
0	0	0	0	
1087 	1088 	1140 	1141 	
795.775 	0
0	0	0	0	
1088 	1089 	1141 	1142 	
795.775 	0
0	0	0	0	
1089 	1090 	1142 	1143 	
795.775 	0
0	0	0	0	
1090 	1091 	1143 	1144 	
795.775 	0
0	0	0	0	
1091 	1092 	1144 	1145 	
795775 	0
0	0	0	0	
1092 	1093 	1145 	1146 	
795775 	0
0	0	0	0	
1093 	1094 	1146 	1147 	
795775 	0
0	0	0	0	
1094 	1095 	1147 	1148 	
795775 	0
-1e+06	-1e+06	-1e+06	-1e+06	
1095 	1096 	1148 	1149 	
795775 	0
-1e+06	-1e+06	-1e+06	-1e+06	
1096 	1097 	1149 	1150 	
795775 	0
-1e+06	-1e+06	-1e+06	-1e+06	
1097 	1098 	1150 	1151 	
795775 	0
-1e+06	-1e+06	-1e+06	-1e+06	
1098 	1099 	1151 	1152 	
795775 	0
-1e+06	-1e+06	-1e+06	-1e+06	
1099 	1100 	1152 	1153 	
795775 	0
0	0	0	0	
1100 	1101 	1153 	1154 	
795775 	0
0	0	0	0	
1101 	1102 	1154 	1155 	
795775 	0
0	0	0	0	
1102 	1103 	1155 	1156 	
795.775 	0
0	0	0	0	
1103 	1104 	1156 	1157 	
795.775 	0
0	0	0	0	
1104 	1105 	1157 	1158 	
795.775 	0
0	0	0	0	
1105 	1106 	1158 	1159 	
795.775 	0
0	0	0	0	
1106 	1107 	1159 	1160 	
795.775 	0
0	0	0	0	
1107 	1108 	1160 	1161 	
795.775 	0
0	0	0	0	
1108 	1109 	1161 	1162 	
795.775 	0
0	0	0	0	
1109 	1110 	1162 	1163 	
795.775 	0
0	0	0	0	
1110 	1111 	1163 	1164 	
795.775 	0
0	0	0	0	
1111 	1112 	1164 	1165 	
795775 	0
0	0	0	0	
1113 	1114 	1166 	1167 	
795775 	0
0	0	0	0	
1114 	1115 	1167 	1168 	
795.775 	0
0	0	0	0	
1115 	1116 	1168 	1169 	
795.775 	0
0	0	0	0	
1116 	1117 	1169 	1170 	
795.775 	0
0	0	0	0	
1117 	1118 	1170 	1171 	
795.775 	0
0	0	0	0	
1118 	1119 	1171 	1172 	
795.775 	0
0	0	0	0	
1119 	1120 	1172 	1173 	
795.775 	0
0	0	0	0	
1120 	1121 	1173 	1174 	
795.775 	0
0	0	0	0	
1121 	1122 	1174 	1175 	
795.775 	0
0	0	0	0	
1122 	1123 	1175 	1176 	
795.775 	0
0	0	0	0	
1123 	1124 	1176 	1177 	
795775 	0
0	0	0	0	
1124 	1125 	1177 	1178 	
795775 	0
0	0	0	0	
1125 	1126 	1178 	1179 	
795775 	0
0	0	0	0	
1126 	1127 	1179 	1180 	
795775 	0
1e+06	1e+06	1e+06	1e+06	
1127 	1128 	1180 	1181 	
795775 	0
1e+06	1e+06	1e+06	1e+06	
1128 	1129 	1181 	1182 	
795775 	0
1e+06	1e+06	1e+06	1e+06	
1129 	1130 	1182 	1183 	
795775 	0
1e+06	1e+06	1e+06	1e+06	
1130 	1131 	1183 	1184 	
795775 	0
1e+06	1e+06	1e+06	1e+06	
1131 	1132 	1184 	1185 	
795775 	0
0	0	0	0	
1132 	1133 	1185 	1186 	
795775 	0
0	0	0	0	
1133 	1134 	1186 	1187 	
795775 	0
0	0	0	0	
1134 	1135 	1187 	1188 	
795.775 	0
0	0	0	0	
1135 	1136 	1188 	1189 	
795.775 	0
0	0	0	0	
1136 	1137 	1189 	1190 	
795.775 	0
0	0	0	0	
1137 	1138 	1190 	1191 	
795.775 	0
0	0	0	0	
1138 	1139 	1191 	1192 	
795.775 	0
0	0	0	0	
1139 	1140 	1192 	1193 	
795.775 	0
0	0	0	0	
1140 	1141 	1193 	1194 	
795.775 	0
0	0	0	0	
1141 	1142 	1194 	1195 	
795.775 	0
0	0	0	0	
1142 	1143 	1195 	1196 	
795.775 	0
0	0	0	0	
1143 	1144 	1196 	1197 	
795.775 	0
0	0	0	0	
1144 	1145 	1197 	1198 	
795775 	0
0	0	0	0	
1145 	1146 	1198 	1199 	
795775 	0
0	0	0	0	
1146 	1147 	1199 	1200 	
795775 	0
0	0	0	0	
1147 	1148 	1200 	1201 	
795775 	0
-1e+06	-1e+06	-1e+06	-1e+06	
1148 	1149 	1201 	1202 	
795775 	0
-1e+06	-1e+06	-1e+06	-1e+06	
1149 	1150 	1202 	1203 	
795775 	0
-1e+06	-1e+06	-1e+06	-1e+06	
1150 	1151 	1203 	1204 	
795775 	0
-1e+06	-1e+06	-1e+06	-1e+06	
1151 	1152 	1204 	1205 	
795775 	0
-1e+06	-1e+06	-1e+06	-1e+06	
1152 	1153 	1205 	1206 	
795775 	0
0	0	0	0	
1153 	1154 	1206 	1207 	
795775 	0
0	0	0	0	
1154 	1155 	1207 	1208 	
795775 	0
0	0	0	0	
1155 	1156 	1208 	1209 	
795.775 	0
0	0	0	0	
1156 	1157 	1209 	1210 	
795.775 	0
0	0	0	0	
1157 	1158 	1210 	1211 	
795.775 	0
0	0	0	0	
1158 	1159 	1211 	1212 	
795.775 	0
0	0	0	0	
1159 	1160 	1212 	1213 	
795.775 	0
0	0	0	0	
1160 	1161 	1213 	1214 	
795.775 	0
0	0	0	0	
1161 	1162 	1214 	1215 	
795.775 	0
0	0	0	0	
1162 	1163 	1215 	1216 	
795.775 	0
0	0	0	0	
1163 	1164 	1216 	1217 	
795.775 	0
0	0	0	0	
1164 	1165 	1217 	1218 	
795775 	0
0	0	0	0	
1166 	1167 	1219 	1220 	
795775 	0
0	0	0	0	
1167 	1168 	1220 	1221 	
795.775 	0
0	0	0	0	
1168 	1169 	1221 	1222 	
795.775 	0
0	0	0	0	
1169 	1170 	1222 	1223 	
795.775 	0
0	0	0	0	
1170 	1171 	1223 	1224 	
795.775 	0
0	0	0	0	
1171 	1172 	1224 	1225 	
795.775 	0
0	0	0	0	
1172 	1173 	1225 	1226 	
795.775 	0
0	0	0	0	
1173 	1174 	1226 	1227 	
795.775 	0
0	0	0	0	
1174 	1175 	1227 	1228 	
795.775 	0
0	0	0	0	
1175 	1176 	1228 	1229 	
795.775 	0
0	0	0	0	
1176 	1177 	1229 	1230 	
795775 	0
0	0	0	0	
1177 	1178 	1230 	1231 	
795775 	0
0	0	0	0	
1178 	1179 	1231 	1232 	
795775 	0
0	0	0	0	
1179 	1180 	1232 	1233 	
795775 	0
1e+06	1e+06	1e+06	1e+06	
1180 	1181 	1233 	1234 	
795775 	0
1e+06	1e+06	1e+06	1e+06	
1181 	1182 	1234 	1235 	
795775 	0
1e+06	1e+06	1e+06	1e+06	
1182 	1183 	1235 	1236 	
795775 	0
1e+06	1e+06	1e+06	1e+06	
1183 	1184 	1236 	1237 	
795775 	0
1e+06	1e+06	1e+06	1e+06	
1184 	1185 	1237 	1238 	
795775 	0
0	0	0	0	
1185 	1186 	1238 	1239 	
795775 	0
0	0	0	0	
1186 	1187 	1239 	1240 	
795775 	0
0	0	0	0	
1187 	1188 	1240 	1241 	
795.775 	0
0	0	0	0	
1188 	1189 	1241 	1242 	
795.775 	0
0	0	0	0	
1189 	1190 	1242 	1243 	
795.775 	0
0	0	0	0	
1190 	1191 	1243 	1244 	
795.775 	0
0	0	0	0	
1191 	1192 	1244 	1245 	
795.775 	0
0	0	0	0	
1192 	1193 	1245 	1246 	
795.775 	0
0	0	0	0	
1193 	1194 	1246 	1247 	
795.775 	0
0	0	0	0	
1194 	1195 	1247 	1248 	
795.775 	0
0	0	0	0	
1195 	1196 	1248 	1249 	
795.775 	0
0	0	0	0	
1196 	1197 	1249 	1250 	
795.775 	0
0	0	0	0	
1197 	1198 	1250 	1251 	
795775 	0
0	0	0	0	
1198 	1199 	1251 	1252 	
795775 	0
0	0	0	0	
1199 	1200 	1252 	1253 	
795775 	0
0	0	0	0	
1200 	1201 	1253 	1254 	
795775 	0
-1e+06	-1e+06	-1e+06	-1e+06	
1201 	1202 	1254 	1255 	
795775 	0
-1e+06	-1e+06	-1e+06	-1e+06	
1202 	1203 	1255 	1256 	
795775 	0
-1e+06	-1e+06	-1e+06	-1e+06	
1203 	1204 	1256 	1257 	
795775 	0
-1e+06	-1e+06	-1e+06	-1e+06	
1204 	1205 	1257 	1258 	
795775 	0
-1e+06	-1e+06	-1e+06	-1e+06	
1205 	1206 	1258 	1259 	
795775 	0
0	0	0	0	
1206 	1207 	1259 	1260 	
795775 	0
0	0	0	0	
1207 	1208 	1260 	1261 	
795775 	0
0	0	0	0	
1208 	1209 	1261 	1262 	
795.775 	0
0	0	0	0	
1209 	1210 	1262 	1263 	
795.775 	0
0	0	0	0	
1210 	1211 	1263 	1264 	
795.775 	0
0	0	0	0	
1211 	1212 	1264 	1265 	
795.775 	0
0	0	0	0	
1212 	1213 	1265 	1266 	
795.775 	0
0	0	0	0	
1213 	1214 	1266 	1267 	
795.775 	0
0	0	0	0	
1214 	1215 	1267 	1268 	
795.775 	0
0	0	0	0	
1215 	1216 	1268 	1269 	
795.775 	0
0	0	0	0	
1216 	1217 	1269 	1270 	
795.775 	0
0	0	0	0	
1217 	1218 	1270 	1271 	
795775 	0
0	0	0	0	
1219 	1220 	1272 	1273 	
795775 	0
0	0	0	0	
1220 	1221 	1273 	1274 	
795.775 	0
0	0	0	0	
1221 	1222 	1274 	1275 	
795.775 	0
0	0	0	0	
1222 	1223 	1275 	1276 	
795.775 	0
0	0	0	0	
1223 	1224 	1276 	1277 	
795.775 	0
0	0	0	0	
1224 	1225 	1277 	1278 	
795.775 	0
0	0	0	0	
1225 	1226 	1278 	1279 	
795.775 	0
0	0	0	0	
1226 	1227 	1279 	1280 	
795.775 	0
0	0	0	0	
1227 	1228 	1280 	1281 	
795.775 	0
0	0	0	0	
1228 	1229 	1281 	1282 	
795.775 	0
0	0	0	0	
1229 	1230 	1282 	1283 	
795775 	0
0	0	0	0	
1230 	1231 	1283 	1284 	
795775 	0
0	0	0	0	
1231 	1232 	1284 	1285 	
795775 	0
0	0	0	0	
1232 	1233 	1285 	1286 	
795775 	0
0	0	0	0	
1233 	1234 	1286 	1287 	
795775 	0
0	0	0	0	
1234 	1235 	1287 	1288 	
795775 	0
0	0	0	0	
1235 	1236 	1288 	1289 	
795775 	0
0	0	0	0	
1236 	1237 	1289 	1290 	
795775 	0
0	0	0	0	
1237 	1238 	1290 	1291 	
795775 	0
0	0	0	0	
1238 	1239 	1291 	1292 	
795775 	0
0	0	0	0	
1239 	1240 	1292 	1293 	
795775 	0
0	0	0	0	
1240 	1241 	1293 	1294 	
795.775 	0
0	0	0	0	
1241 	1242 	1294 	1295 	
795.775 	0
0	0	0	0	
1242 	1243 	1295 	1296 	
795.775 	0
0	0	0	0	
1243 	1244 	1296 	1297 	
795.775 	0
0	0	0	0	
1244 	1245 	1297 	1298 	
795.775 	0
0	0	0	0	
1245 	1246 	1298 	1299 	
795.775 	0
0	0	0	0	
1246 	1247 	1299 	1300 	
795.775 	0
0	0	0	0	
1247 	1248 	1300 	1301 	
795.775 	0
0	0	0	0	
1248 	1249 	1301 	1302 	
795.775 	0
0	0	0	0	
1249 	1250 	1302 	1303 	
795.775 	0
0	0	0	0	
1250 	1251 	1303 	1304 	
795775 	0
0	0	0	0	
1251 	1252 	1304 	1305 	
795775 	0
0	0	0	0	
1252 	1253 	1305 	1306 	
795775 	0
0	0	0	0	
1253 	1254 	1306 	1307 	
795775 	0
0	0	0	0	
1254 	1255 	1307 	1308 	
795775 	0
0	0	0	0	
1255 	1256 	1308 	1309 	
795775 	0
0	0	0	0	
1256 	1257 	1309 	1310 	
795775 	0
0	0	0	0	
1257 	1258 	1310 	1311 	
795775 	0
0	0	0	0	
1258 	1259 	1311 	1312 	
795775 	0
0	0	0	0	
1259 	1260 	1312 	1313 	
795775 	0
0	0	0	0	
1260 	1261 	1313 	1314 	
795775 	0
0	0	0	0	
1261 	1262 	1314 	1315 	
795.775 	0
0	0	0	0	
1262 	1263 	1315 	1316 	
795.775 	0
0	0	0	0	
1263 	1264 	1316 	1317 	
795.775 	0
0	0	0	0	
1264 	1265 	1317 	1318 	
795.775 	0
0	0	0	0	
1265 	1266 	1318 	1319 	
795.775 	0
0	0	0	0	
1266 	1267 	1319 	1320 	
795.775 	0
0	0	0	0	
1267 	1268 	1320 	1321 	
795.775 	0
0	0	0	0	
1268 	1269 	1321 	1322 	
795.775 	0
0	0	0	0	
1269 	1270 	1322 	1323 	
795.775 	0
0	0	0	0	
1270 	1271 	1323 	1324 	
795775 	0
0	0	0	0	
1272 	1273 	1325 	1326 	
795775 	0
0	0	0	0	
1273 	1274 	1326 	1327 	
795.775 	0
0	0	0	0	
1274 	1275 	1327 	1328 	
795.775 	0
0	0	0	0	
1275 	1276 	1328 	1329 	
795.775 	0
0	0	0	0	
1276 	1277 	1329 	1330 	
795.775 	0
0	0	0	0	
1277 	1278 	1330 	1331 	
795.775 	0
0	0	0	0	
1278 	1279 	1331 	1332 	
795.775 	0
0	0	0	0	
1279 	1280 	1332 	1333 	
795.775 	0
0	0	0	0	
1280 	1281 	1333 	1334 	
795.775 	0
0	0	0	0	
1281 	1282 	1334 	1335 	
795.775 	0
0	0	0	0	
1282 	1283 	1335 	1336 	
795775 	0
0	0	0	0	
1283 	1284 	1336 	1337 	
795775 	0
0	0	0	0	
1284 	1285 	1337 	1338 	
795775 	0
0	0	0	0	
1285 	1286 	1338 	1339 	
795775 	0
0	0	0	0	
1286 	1287 	1339 	1340 	
795775 	0
0	0	0	0	
1287 	1288 	1340 	1341 	
795775 	0
0	0	0	0	
1288 	1289 	1341 	1342 	
795775 	0
0	0	0	0	
1289 	1290 	1342 	1343 	
795775 	0
0	0	0	0	
1290 	1291 	1343 	1344 	
795775 	0
0	0	0	0	
1291 	1292 	1344 	1345 	
795775 	0
0	0	0	0	
1292 	1293 	1345 	1346 	
795775 	0
0	0	0	0	
1293 	1294 	1346 	1347 	
795.775 	0
0	0	0	0	
1294 	1295 	1347 	1348 	
795.775 	0
0	0	0	0	
1295 	1296 	1348 	1349 	
795.775 	0
0	0	0	0	
1296 	1297 	1349 	1350 	
795.775 	0
0	0	0	0	
1297 	1298 	1350 	1351 	
795.775 	0
0	0	0	0	
1298 	1299 	1351 	1352 	
795.775 	0
0	0	0	0	
1299 	1300 	1352 	1353 	
795.775 	0
0	0	0	0	
1300 	1301 	1353 	1354 	
795.775 	0
0	0	0	0	
1301 	1302 	1354 	1355 	
795.775 	0
0	0	0	0	
1302 	1303 	1355 	1356 	
795.775 	0
0	0	0	0	
1303 	1304 	1356 	1357 	
795775 	0
0	0	0	0	
1304 	1305 	1357 	1358 	
795775 	0
0	0	0	0	
1305 	1306 	1358 	1359 	
795775 	0
0	0	0	0	
1306 	1307 	1359 	1360 	
795775 	0
0	0	0	0	
1307 	1308 	1360 	1361 	
795775 	0
0	0	0	0	
1308 	1309 	1361 	1362 	
795775 	0
0	0	0	0	
1309 	1310 	1362 	1363 	
795775 	0
0	0	0	0	
1310 	1311 	1363 	1364 	
795775 	0
0	0	0	0	
1311 	1312 	1364 	1365 	
795775 	0
0	0	0	0	
1312 	1313 	1365 	1366 	
795775 	0
0	0	0	0	
1313 	1314 	1366 	1367 	
795775 	0
0	0	0	0	
1314 	1315 	1367 	1368 	
795.775 	0
0	0	0	0	
1315 	1316 	1368 	1369 	
795.775 	0
0	0	0	0	
1316 	1317 	1369 	1370 	
795.775 	0
0	0	0	0	
1317 	1318 	1370 	1371 	
795.775 	0
0	0	0	0	
1318 	1319 	1371 	1372 	
795.775 	0
0	0	0	0	
1319 	1320 	1372 	1373 	
795.775 	0
0	0	0	0	
1320 	1321 	1373 	1374 	
795.775 	0
0	0	0	0	
1321 	1322 	1374 	1375 	
795.775 	0
0	0	0	0	
1322 	1323 	1375 	1376 	
795.775 	0
0	0	0	0	
1323 	1324 	1376 	1377 	
795775 	0
0	0	0	0	
1325 	1326 	1378 	1379 	
795775 	0
0	0	0	0	
1326 	1327 	1379 	1380 	
795.775 	0
0	0	0	0	
1327 	1328 	1380 	1381 	
795.775 	0
0	0	0	0	
1328 	1329 	1381 	1382 	
795.775 	0
0	0	0	0	
1329 	1330 	1382 	1383 	
795.775 	0
0	0	0	0	
1330 	1331 	1383 	1384 	
795.775 	0
0	0	0	0	
1331 	1332 	1384 	1385 	
795.775 	0
0	0	0	0	
1332 	1333 	1385 	1386 	
795.775 	0
0	0	0	0	
1333 	1334 	1386 	1387 	
795.775 	0
0	0	0	0	
1334 	1335 	1387 	1388 	
795.775 	0
0	0	0	0	
1335 	1336 	1388 	1389 	
795.775 	0
0	0	0	0	
1336 	1337 	1389 	1390 	
795.775 	0
0	0	0	0	
1337 	1338 	1390 	1391 	
795.775 	0
0	0	0	0	
1338 	1339 	1391 	1392 	
795.775 	0
0	0	0	0	
1339 	1340 	1392 	1393 	
795.775 	0
0	0	0	0	
1340 	1341 	1393 	1394 	
795.775 	0
0	0	0	0	
1341 	1342 	1394 	1395 	
795.775 	0
0	0	0	0	
1342 	1343 	1395 	1396 	
795.775 	0
0	0	0	0	
1343 	1344 	1396 	1397 	
795.775 	0
0	0	0	0	
1344 	1345 	1397 	1398 	
795.775 	0
0	0	0	0	
1345 	1346 	1398 	1399 	
795.775 	0
0	0	0	0	
1346 	1347 	1399 	1400 	
795.775 	0
0	0	0	0	
1347 	1348 	1400 	1401 	
795.775 	0
0	0	0	0	
1348 	1349 	1401 	1402 	
795.775 	0
0	0	0	0	
1349 	1350 	1402 	1403 	
795.775 	0
0	0	0	0	
1350 	1351 	1403 	1404 	
795.775 	0
0	0	0	0	
1351 	1352 	1404 	1405 	
795.775 	0
0	0	0	0	
1352 	1353 	1405 	1406 	
795.775 	0
0	0	0	0	
1353 	1354 	1406 	1407 	
795.775 	0
0	0	0	0	
1354 	1355 	1407 	1408 	
795.775 	0
0	0	0	0	
1355 	1356 	1408 	1409 	
795.775 	0
0	0	0	0	
1356 	1357 	1409 	1410 	
795.775 	0
0	0	0	0	
1357 	1358 	1410 	1411 	
795.775 	0
0	0	0	0	
1358 	1359 	1411 	1412 	
795.775 	0
0	0	0	0	
1359 	1360 	1412 	1413 	
795.775 	0
0	0	0	0	
1360 	1361 	1413 	1414 	
795.775 	0
0	0	0	0	
1361 	1362 	1414 	1415 	
795.775 	0
0	0	0	0	
1362 	1363 	1415 	1416 	
795.775 	0
0	0	0	0	
1363 	1364 	1416 	1417 	
795.775 	0
0	0	0	0	
1364 	1365 	1417 	1418 	
795.775 	0
0	0	0	0	
1365 	1366 	1418 	1419 	
795.775 	0
0	0	0	0	
1366 	1367 	1419 	1420 	
795.775 	0
0	0	0	0	
1367 	1368 	1420 	1421 	
795.775 	0
0	0	0	0	
1368 	1369 	1421 	1422 	
795.775 	0
0	0	0	0	
1369 	1370 	1422 	1423 	
795.775 	0
0	0	0	0	
1370 	1371 	1423 	1424 	
795.775 	0
0	0	0	0	
1371 	1372 	1424 	1425 	
795.775 	0
0	0	0	0	
1372 	1373 	1425 	1426 	
795.775 	0
0	0	0	0	
1373 	1374 	1426 	1427 	
795.775 	0
0	0	0	0	
1374 	1375 	1427 	1428 	
795.775 	0
0	0	0	0	
1375 	1376 	1428 	1429 	
795.775 	0
0	0	0	0	
1376 	1377 	1429 	1430 	
795775 	0
0	0	0	0	
1378 	1379 	1431 	1432 	
795775 	0
0	0	0	0	
1379 	1380 	1432 	1433 	
795.775 	0
0	0	0	0	
1380 	1381 	1433 	1434 	
795.775 	0
0	0	0	0	
1381 	1382 	1434 	1435 	
795.775 	0
0	0	0	0	
1382 	1383 	1435 	1436 	
795.775 	0
0	0	0	0	
1383 	1384 	1436 	1437 	
795.775 	0
0	0	0	0	
1384 	1385 	1437 	1438 	
795.775 	0
0	0	0	0	
1385 	1386 	1438 	1439 	
795.775 	0
0	0	0	0	
1386 	1387 	1439 	1440 	
795.775 	0
0	0	0	0	
1387 	1388 	1440 	1441 	
795.775 	0
0	0	0	0	
1388 	1389 	1441 	1442 	
795.775 	0
0	0	0	0	
1389 	1390 	1442 	1443 	
795.775 	0
0	0	0	0	
1390 	1391 	1443 	1444 	
795.775 	0
0	0	0	0	
1391 	1392 	1444 	1445 	
795.775 	0
0	0	0	0	
1392 	1393 	1445 	1446 	
795.775 	0
0	0	0	0	
1393 	1394 	1446 	1447 	
795.775 	0
0	0	0	0	
1394 	1395 	1447 	1448 	
795.775 	0
0	0	0	0	
1395 	1396 	1448 	1449 	
795.775 	0
0	0	0	0	
1396 	1397 	1449 	1450 	
795.775 	0
0	0	0	0	
1397 	1398 	1450 	1451 	
795.775 	0
0	0	0	0	
1398 	1399 	1451 	1452 	
795.775 	0
0	0	0	0	
1399 	1400 	1452 	1453 	
795.775 	0
0	0	0	0	
1400 	1401 	1453 	1454 	
795.775 	0
0	0	0	0	
1401 	1402 	1454 	1455 	
795.775 	0
0	0	0	0	
1402 	1403 	1455 	1456 	
795.775 	0
0	0	0	0	
1403 	1404 	1456 	1457 	
795.775 	0
0	0	0	0	
1404 	1405 	1457 	1458 	
795.775 	0
0	0	0	0	
1405 	1406 	1458 	1459 	
795.775 	0
0	0	0	0	
1406 	1407 	1459 	1460 	
795.775 	0
0	0	0	0	
1407 	1408 	1460 	1461 	
795.775 	0
0	0	0	0	
1408 	1409 	1461 	1462 	
795.775 	0
0	0	0	0	
1409 	1410 	1462 	1463 	
795.775 	0
0	0	0	0	
1410 	1411 	1463 	1464 	
795.775 	0
0	0	0	0	
1411 	1412 	1464 	1465 	
795.775 	0
0	0	0	0	
1412 	1413 	1465 	1466 	
795.775 	0
0	0	0	0	
1413 	1414 	1466 	1467 	
795.775 	0
0	0	0	0	
1414 	1415 	1467 	1468 	
795.775 	0
0	0	0	0	
1415 	1416 	1468 	1469 	
795.775 	0
0	0	0	0	
1416 	1417 	1469 	1470 	
795.775 	0
0	0	0	0	
1417 	1418 	1470 	1471 	
795.775 	0
0	0	0	0	
1418 	1419 	1471 	1472 	
795.775 	0
0	0	0	0	
1419 	1420 	1472 	1473 	
795.775 	0
0	0	0	0	
1420 	1421 	1473 	1474 	
795.775 	0
0	0	0	0	
1421 	1422 	1474 	1475 	
795.775 	0
0	0	0	0	
1422 	1423 	1475 	1476 	
795.775 	0
0	0	0	0	
1423 	1424 	1476 	1477 	
795.775 	0
0	0	0	0	
1424 	1425 	1477 	1478 	
795.775 	0
0	0	0	0	
1425 	1426 	1478 	1479 	
795.775 	0
0	0	0	0	
1426 	1427 	1479 	1480 	
795.775 	0
0	0	0	0	
1427 	1428 	1480 	1481 	
795.775 	0
0	0	0	0	
1428 	1429 	1481 	1482 	
795.775 	0
0	0	0	0	
1429 	1430 	1482 	1483 	
795775 	0
0	0	0	0	
1431 	1432 	1484 	1485 	
795775 	0
0	0	0	0	
1432 	1433 	1485 	1486 	
795.775 	0
0	0	0	0	
1433 	1434 	1486 	1487 	
795.775 	0
0	0	0	0	
1434 	1435 	1487 	1488 	
795.775 	0
0	0	0	0	
1435 	1436 	1488 	1489 	
795.775 	0
0	0	0	0	
1436 	1437 	1489 	1490 	
795.775 	0
0	0	0	0	
1437 	1438 	1490 	1491 	
795.775 	0
0	0	0	0	
1438 	1439 	1491 	1492 	
795.775 	0
0	0	0	0	
1439 	1440 	1492 	1493 	
795.775 	0
0	0	0	0	
1440 	1441 	1493 	1494 	
795.775 	0
0	0	0	0	
1441 	1442 	1494 	1495 	
795.775 	0
0	0	0	0	
1442 	1443 	1495 	1496 	
795.775 	0
0	0	0	0	
1443 	1444 	1496 	1497 	
795.775 	0
0	0	0	0	
1444 	1445 	1497 	1498 	
795.775 	0
0	0	0	0	
1445 	1446 	1498 	1499 	
795.775 	0
0	0	0	0	
1446 	1447 	1499 	1500 	
795.775 	0
0	0	0	0	
1447 	1448 	1500 	1501 	
795.775 	0
0	0	0	0	
1448 	1449 	1501 	1502 	
795.775 	0
0	0	0	0	
1449 	1450 	1502 	1503 	
795.775 	0
0	0	0	0	
1450 	1451 	1503 	1504 	
795.775 	0
0	0	0	0	
1451 	1452 	1504 	1505 	
795.775 	0
0	0	0	0	
1452 	1453 	1505 	1506 	
795.775 	0
0	0	0	0	
1453 	1454 	1506 	1507 	
795.775 	0
0	0	0	0	
1454 	1455 	1507 	1508 	
795.775 	0
0	0	0	0	
1455 	1456 	1508 	1509 	
795.775 	0
0	0	0	0	
1456 	1457 	1509 	1510 	
795.775 	0
0	0	0	0	
1457 	1458 	1510 	1511 	
795.775 	0
0	0	0	0	
1458 	1459 	1511 	1512 	
795.775 	0
0	0	0	0	
1459 	1460 	1512 	1513 	
795.775 	0
0	0	0	0	
1460 	1461 	1513 	1514 	
795.775 	0
0	0	0	0	
1461 	1462 	1514 	1515 	
795.775 	0
0	0	0	0	
1462 	1463 	1515 	1516 	
795.775 	0
0	0	0	0	
1463 	1464 	1516 	1517 	
795.775 	0
0	0	0	0	
1464 	1465 	1517 	1518 	
795.775 	0
0	0	0	0	
1465 	1466 	1518 	1519 	
795.775 	0
0	0	0	0	
1466 	1467 	1519 	1520 	
795.775 	0
0	0	0	0	
1467 	1468 	1520 	1521 	
795.775 	0
0	0	0	0	
1468 	1469 	1521 	1522 	
795.775 	0
0	0	0	0	
1469 	1470 	1522 	1523 	
795.775 	0
0	0	0	0	
1470 	1471 	1523 	1524 	
795.775 	0
0	0	0	0	
1471 	1472 	1524 	1525 	
795.775 	0
0	0	0	0	
1472 	1473 	1525 	1526 	
795.775 	0
0	0	0	0	
1473 	1474 	1526 	1527 	
795.775 	0
0	0	0	0	
1474 	1475 	1527 	1528 	
795.775 	0
0	0	0	0	
1475 	1476 	1528 	1529 	
795.775 	0
0	0	0	0	
1476 	1477 	1529 	1530 	
795.775 	0
0	0	0	0	
1477 	1478 	1530 	1531 	
795.775 	0
0	0	0	0	
1478 	1479 	1531 	1532 	
795.775 	0
0	0	0	0	
1479 	1480 	1532 	1533 	
795.775 	0
0	0	0	0	
1480 	1481 	1533 	1534 	
795.775 	0
0	0	0	0	
1481 	1482 	1534 	1535 	
795.775 	0
0	0	0	0	
1482 	1483 	1535 	1536 	
795775 	0
0	0	0	0	
1484 	1485 	1537 	1538 	
795775 	0
0	0	0	0	
1485 	1486 	1538 	1539 	
795.775 	0
0	0	0	0	
1486 	1487 	1539 	1540 	
795.775 	0
0	0	0	0	
1487 	1488 	1540 	1541 	
795.775 	0
0	0	0	0	
1488 	1489 	1541 	1542 	
795.775 	0
0	0	0	0	
1489 	1490 	1542 	1543 	
795.775 	0
0	0	0	0	
1490 	1491 	1543 	1544 	
795.775 	0
0	0	0	0	
1491 	1492 	1544 	1545 	
795.775 	0
0	0	0	0	
1492 	1493 	1545 	1546 	
795.775 	0
0	0	0	0	
1493 	1494 	1546 	1547 	
795.775 	0
0	0	0	0	
1494 	1495 	1547 	1548 	
795.775 	0
0	0	0	0	
1495 	1496 	1548 	1549 	
795.775 	0
0	0	0	0	
1496 	1497 	1549 	1550 	
795.775 	0
0	0	0	0	
1497 	1498 	1550 	1551 	
795.775 	0
0	0	0	0	
1498 	1499 	1551 	1552 	
795.775 	0
0	0	0	0	
1499 	1500 	1552 	1553 	
795.775 	0
0	0	0	0	
1500 	1501 	1553 	1554 	
795.775 	0
0	0	0	0	
1501 	1502 	1554 	1555 	
795.775 	0
0	0	0	0	
1502 	1503 	1555 	1556 	
795.775 	0
0	0	0	0	
1503 	1504 	1556 	1557 	
795.775 	0
0	0	0	0	
1504 	1505 	1557 	1558 	
795.775 	0
0	0	0	0	
1505 	1506 	1558 	1559 	
795.775 	0
0	0	0	0	
1506 	1507 	1559 	1560 	
795.775 	0
0	0	0	0	
1507 	1508 	1560 	1561 	
795.775 	0
0	0	0	0	
1508 	1509 	1561 	1562 	
795.775 	0
0	0	0	0	
1509 	1510 	1562 	1563 	
795.775 	0
0	0	0	0	
1510 	1511 	1563 	1564 	
795.775 	0
0	0	0	0	
1511 	1512 	1564 	1565 	
795.775 	0
0	0	0	0	
1512 	1513 	1565 	1566 	
795.775 	0
0	0	0	0	
1513 	1514 	1566 	1567 	
795.775 	0
0	0	0	0	
1514 	1515 	1567 	1568 	
795.775 	0
0	0	0	0	
1515 	1516 	1568 	1569 	
795.775 	0
0	0	0	0	
1516 	1517 	1569 	1570 	
795.775 	0
0	0	0	0	
1517 	1518 	1570 	1571 	
795.775 	0
0	0	0	0	
1518 	1519 	1571 	1572 	
795.775 	0
0	0	0	0	
1519 	1520 	1572 	1573 	
795.775 	0
0	0	0	0	
1520 	1521 	1573 	1574 	
795.775 	0
0	0	0	0	
1521 	1522 	1574 	1575 	
795.775 	0
0	0	0	0	
1522 	1523 	1575 	1576 	
795.775 	0
0	0	0	0	
1523 	1524 	1576 	1577 	
795.775 	0
0	0	0	0	
1524 	1525 	1577 	1578 	
795.775 	0
0	0	0	0	
1525 	1526 	1578 	1579 	
795.775 	0
0	0	0	0	
1526 	1527 	1579 	1580 	
795.775 	0
0	0	0	0	
1527 	1528 	1580 	1581 	
795.775 	0
0	0	0	0	
1528 	1529 	1581 	1582 	
795.775 	0
0	0	0	0	
1529 	1530 	1582 	1583 	
795.775 	0
0	0	0	0	
1530 	1531 	1583 	1584 	
795.775 	0
0	0	0	0	
1531 	1532 	1584 	1585 	
795.775 	0
0	0	0	0	
1532 	1533 	1585 	1586 	
795.775 	0
0	0	0	0	
1533 	1534 	1586 	1587 	
795.775 	0
0	0	0	0	
1534 	1535 	1587 	1588 	
795.775 	0
0	0	0	0	
1535 	1536 	1588 	1589 	
795775 	0
0	0	0	0	
1537 	1538 	1590 	1591 	
795775 	0
0	0	0	0	
1538 	1539 	1591 	1592 	
795.775 	0
0	0	0	0	
1539 	1540 	1592 	1593 	
795.775 	0
0	0	0	0	
1540 	1541 	1593 	1594 	
795.775 	0
0	0	0	0	
1541 	1542 	1594 	1595 	
795.775 	0
0	0	0	0	
1542 	1543 	1595 	1596 	
795.775 	0
0	0	0	0	
1543 	1544 	1596 	1597 	
795.775 	0
0	0	0	0	
1544 	1545 	1597 	1598 	
795.775 	0
0	0	0	0	
1545 	1546 	1598 	1599 	
795.775 	0
0	0	0	0	
1546 	1547 	1599 	1600 	
795.775 	0
0	0	0	0	
1547 	1548 	1600 	1601 	
795.775 	0
0	0	0	0	
1548 	1549 	1601 	1602 	
795.775 	0
0	0	0	0	
1549 	1550 	1602 	1603 	
795.775 	0
0	0	0	0	
1550 	1551 	1603 	1604 	
795.775 	0
0	0	0	0	
1551 	1552 	1604 	1605 	
795.775 	0
0	0	0	0	
1552 	1553 	1605 	1606 	
795.775 	0
0	0	0	0	
1553 	1554 	1606 	1607 	
795.775 	0
0	0	0	0	
1554 	1555 	1607 	1608 	
795.775 	0
0	0	0	0	
1555 	1556 	1608 	1609 	
795.775 	0
0	0	0	0	
1556 	1557 	1609 	1610 	
795.775 	0
0	0	0	0	
1557 	1558 	1610 	1611 	
795.775 	0
0	0	0	0	
1558 	1559 	1611 	1612 	
795.775 	0
0	0	0	0	
1559 	1560 	1612 	1613 	
795.775 	0
0	0	0	0	
1560 	1561 	1613 	1614 	
795.775 	0
0	0	0	0	
1561 	1562 	1614 	1615 	
795.775 	0
0	0	0	0	
1562 	1563 	1615 	1616 	
795.775 	0
0	0	0	0	
1563 	1564 	1616 	1617 	
795.775 	0
0	0	0	0	
1564 	1565 	1617 	1618 	
795.775 	0
0	0	0	0	
1565 	1566 	1618 	1619 	
795.775 	0
0	0	0	0	
1566 	1567 	1619 	1620 	
795.775 	0
0	0	0	0	
1567 	1568 	1620 	1621 	
795.775 	0
0	0	0	0	
1568 	1569 	1621 	1622 	
795.775 	0
0	0	0	0	
1569 	1570 	1622 	1623 	
795.775 	0
0	0	0	0	
1570 	1571 	1623 	1624 	
795.775 	0
0	0	0	0	
1571 	1572 	1624 	1625 	
795.775 	0
0	0	0	0	
1572 	1573 	1625 	1626 	
795.775 	0
0	0	0	0	
1573 	1574 	1626 	1627 	
795.775 	0
0	0	0	0	
1574 	1575 	1627 	1628 	
795.775 	0
0	0	0	0	
1575 	1576 	1628 	1629 	
795.775 	0
0	0	0	0	
1576 	1577 	1629 	1630 	
795.775 	0
0	0	0	0	
1577 	1578 	1630 	1631 	
795.775 	0
0	0	0	0	
1578 	1579 	1631 	1632 	
795.775 	0
0	0	0	0	
1579 	1580 	1632 	1633 	
795.775 	0
0	0	0	0	
1580 	1581 	1633 	1634 	
795.775 	0
0	0	0	0	
1581 	1582 	1634 	1635 	
795.775 	0
0	0	0	0	
1582 	1583 	1635 	1636 	
795.775 	0
0	0	0	0	
1583 	1584 	1636 	1637 	
795.775 	0
0	0	0	0	
1584 	1585 	1637 	1638 	
795.775 	0
0	0	0	0	
1585 	1586 	1638 	1639 	
795.775 	0
0	0	0	0	
1586 	1587 	1639 	1640 	
795.775 	0
0	0	0	0	
1587 	1588 	1640 	1641 	
795.775 	0
0	0	0	0	
1588 	1589 	1641 	1642 	
795775 	0
0	0	0	0	
1590 	1591 	1643 	1644 	
795775 	0
0	0	0	0	
1591 	1592 	1644 	1645 	
795.775 	0
0	0	0	0	
1592 	1593 	1645 	1646 	
795.775 	0
0	0	0	0	
1593 	1594 	1646 	1647 	
795.775 	0
0	0	0	0	
1594 	1595 	1647 	1648 	
795.775 	0
0	0	0	0	
1595 	1596 	1648 	1649 	
795.775 	0
0	0	0	0	
1596 	1597 	1649 	1650 	
795.775 	0
0	0	0	0	
1597 	1598 	1650 	1651 	
795.775 	0
0	0	0	0	
1598 	1599 	1651 	1652 	
795.775 	0
0	0	0	0	
1599 	1600 	1652 	1653 	
795.775 	0
0	0	0	0	
1600 	1601 	1653 	1654 	
795.775 	0
0	0	0	0	
1601 	1602 	1654 	1655 	
795.775 	0
0	0	0	0	
1602 	1603 	1655 	1656 	
795.775 	0
0	0	0	0	
1603 	1604 	1656 	1657 	
795.775 	0
0	0	0	0	
1604 	1605 	1657 	1658 	
795.775 	0
0	0	0	0	
1605 	1606 	1658 	1659 	
795.775 	0
0	0	0	0	
1606 	1607 	1659 	1660 	
795.775 	0
0	0	0	0	
1607 	1608 	1660 	1661 	
795.775 	0
0	0	0	0	
1608 	1609 	1661 	1662 	
795.775 	0
0	0	0	0	
1609 	1610 	1662 	1663 	
795.775 	0
0	0	0	0	
1610 	1611 	1663 	1664 	
795.775 	0
0	0	0	0	
1611 	1612 	1664 	1665 	
795.775 	0
0	0	0	0	
1612 	1613 	1665 	1666 	
795.775 	0
0	0	0	0	
1613 	1614 	1666 	1667 	
795.775 	0
0	0	0	0	
1614 	1615 	1667 	1668 	
795.775 	0
0	0	0	0	
1615 	1616 	1668 	1669 	
795.775 	0
0	0	0	0	
1616 	1617 	1669 	1670 	
795.775 	0
0	0	0	0	
1617 	1618 	1670 	1671 	
795.775 	0
0	0	0	0	
1618 	1619 	1671 	1672 	
795.775 	0
0	0	0	0	
1619 	1620 	1672 	1673 	
795.775 	0
0	0	0	0	
1620 	1621 	1673 	1674 	
795.775 	0
0	0	0	0	
1621 	1622 	1674 	1675 	
795.775 	0
0	0	0	0	
1622 	1623 	1675 	1676 	
795.775 	0
0	0	0	0	
1623 	1624 	1676 	1677 	
795.775 	0
0	0	0	0	
1624 	1625 	1677 	1678 	
795.775 	0
0	0	0	0	
1625 	1626 	1678 	1679 	
795.775 	0
0	0	0	0	
1626 	1627 	1679 	1680 	
795.775 	0
0	0	0	0	
1627 	1628 	1680 	1681 	
795.775 	0
0	0	0	0	
1628 	1629 	1681 	1682 	
795.775 	0
0	0	0	0	
1629 	1630 	1682 	1683 	
795.775 	0
0	0	0	0	
1630 	1631 	1683 	1684 	
795.775 	0
0	0	0	0	
1631 	1632 	1684 	1685 	
795.775 	0
0	0	0	0	
1632 	1633 	1685 	1686 	
795.775 	0
0	0	0	0	
1633 	1634 	1686 	1687 	
795.775 	0
0	0	0	0	
1634 	1635 	1687 	1688 	
795.775 	0
0	0	0	0	
1635 	1636 	1688 	1689 	
795.775 	0
0	0	0	0	
1636 	1637 	1689 	1690 	
795.775 	0
0	0	0	0	
1637 	1638 	1690 	1691 	
795.775 	0
0	0	0	0	
1638 	1639 	1691 	1692 	
795.775 	0
0	0	0	0	
1639 	1640 	1692 	1693 	
795.775 	0
0	0	0	0	
1640 	1641 	1693 	1694 	
795.775 	0
0	0	0	0	
1641 	1642 	1694 	1695 	
795775 	0
0	0	0	0	
1643 	1644 	1696 	1697 	
795775 	0
0	0	0	0	
1644 	1645 	1697 	1698 	
795.775 	0
0	0	0	0	
1645 	1646 	1698 	1699 	
795.775 	0
0	0	0	0	
1646 	1647 	1699 	1700 	
795.775 	0
0	0	0	0	
1647 	1648 	1700 	1701 	
795.775 	0
0	0	0	0	
1648 	1649 	1701 	1702 	
795.775 	0
0	0	0	0	
1649 	1650 	1702 	1703 	
795.775 	0
0	0	0	0	
1650 	1651 	1703 	1704 	
795.775 	0
0	0	0	0	
1651 	1652 	1704 	1705 	
795.775 	0
0	0	0	0	
1652 	1653 	1705 	1706 	
795.775 	0
0	0	0	0	
1653 	1654 	1706 	1707 	
795.775 	0
0	0	0	0	
1654 	1655 	1707 	1708 	
795.775 	0
0	0	0	0	
1655 	1656 	1708 	1709 	
795.775 	0
0	0	0	0	
1656 	1657 	1709 	1710 	
795.775 	0
0	0	0	0	
1657 	1658 	1710 	1711 	
795.775 	0
0	0	0	0	
1658 	1659 	1711 	1712 	
795.775 	0
0	0	0	0	
1659 	1660 	1712 	1713 	
795.775 	0
0	0	0	0	
1660 	1661 	1713 	1714 	
795.775 	0
0	0	0	0	
1661 	1662 	1714 	1715 	
795.775 	0
0	0	0	0	
1662 	1663 	1715 	1716 	
795.775 	0
0	0	0	0	
1663 	1664 	1716 	1717 	
795.775 	0
0	0	0	0	
1664 	1665 	1717 	1718 	
795.775 	0
0	0	0	0	
1665 	1666 	1718 	1719 	
795.775 	0
0	0	0	0	
1666 	1667 	1719 	1720 	
795.775 	0
0	0	0	0	
1667 	1668 	1720 	1721 	
795.775 	0
0	0	0	0	
1668 	1669 	1721 	1722 	
795.775 	0
0	0	0	0	
1669 	1670 	1722 	1723 	
795.775 	0
0	0	0	0	
1670 	1671 	1723 	1724 	
795.775 	0
0	0	0	0	
1671 	1672 	1724 	1725 	
795.775 	0
0	0	0	0	
1672 	1673 	1725 	1726 	
795.775 	0
0	0	0	0	
1673 	1674 	1726 	1727 	
795.775 	0
0	0	0	0	
1674 	1675 	1727 	1728 	
795.775 	0
0	0	0	0	
1675 	1676 	1728 	1729 	
795.775 	0
0	0	0	0	
1676 	1677 	1729 	1730 	
795.775 	0
0	0	0	0	
1677 	1678 	1730 	1731 	
795.775 	0
0	0	0	0	
1678 	1679 	1731 	1732 	
795.775 	0
0	0	0	0	
1679 	1680 	1732 	1733 	
795.775 	0
0	0	0	0	
1680 	1681 	1733 	1734 	
795.775 	0
0	0	0	0	
1681 	1682 	1734 	1735 	
795.775 	0
0	0	0	0	
1682 	1683 	1735 	1736 	
795.775 	0
0	0	0	0	
1683 	1684 	1736 	1737 	
795.775 	0
0	0	0	0	
1684 	1685 	1737 	1738 	
795.775 	0
0	0	0	0	
1685 	1686 	1738 	1739 	
795.775 	0
0	0	0	0	
1686 	1687 	1739 	1740 	
795.775 	0
0	0	0	0	
1687 	1688 	1740 	1741 	
795.775 	0
0	0	0	0	
1688 	1689 	1741 	1742 	
795.775 	0
0	0	0	0	
1689 	1690 	1742 	1743 	
795.775 	0
0	0	0	0	
1690 	1691 	1743 	1744 	
795.775 	0
0	0	0	0	
1691 	1692 	1744 	1745 	
795.775 	0
0	0	0	0	
1692 	1693 	1745 	1746 	
795.775 	0
0	0	0	0	
1693 	1694 	1746 	1747 	
795.775 	0
0	0	0	0	
1694 	1695 	1747 	1748 	
795775 	0
0	0	0	0	
1696 	1697 	1749 	1750 	
795775 	0
0	0	0	0	
1697 	1698 	1750 	1751 	
795.775 	0
0	0	0	0	
1698 	1699 	1751 	1752 	
795.775 	0
0	0	0	0	
1699 	1700 	1752 	1753 	
795.775 	0
0	0	0	0	
1700 	1701 	1753 	1754 	
795.775 	0
0	0	0	0	
1701 	1702 	1754 	1755 	
795.775 	0
0	0	0	0	
1702 	1703 	1755 	1756 	
795.775 	0
0	0	0	0	
1703 	1704 	1756 	1757 	
795.775 	0
0	0	0	0	
1704 	1705 	1757 	1758 	
795.775 	0
0	0	0	0	
1705 	1706 	1758 	1759 	
795.775 	0
0	0	0	0	
1706 	1707 	1759 	1760 	
795.775 	0
0	0	0	0	
1707 	1708 	1760 	1761 	
795.775 	0
0	0	0	0	
1708 	1709 	1761 	1762 	
795.775 	0
0	0	0	0	
1709 	1710 	1762 	1763 	
795.775 	0
0	0	0	0	
1710 	1711 	1763 	1764 	
795.775 	0
0	0	0	0	
1711 	1712 	1764 	1765 	
795.775 	0
0	0	0	0	
1712 	1713 	1765 	1766 	
795.775 	0
0	0	0	0	
1713 	1714 	1766 	1767 	
795.775 	0
0	0	0	0	
1714 	1715 	1767 	1768 	
795.775 	0
0	0	0	0	
1715 	1716 	1768 	1769 	
795.775 	0
0	0	0	0	
1716 	1717 	1769 	1770 	
795.775 	0
0	0	0	0	
1717 	1718 	1770 	1771 	
795.775 	0
0	0	0	0	
1718 	1719 	1771 	1772 	
795.775 	0
0	0	0	0	
1719 	1720 	1772 	1773 	
795.775 	0
0	0	0	0	
1720 	1721 	1773 	1774 	
795.775 	0
0	0	0	0	
1721 	1722 	1774 	1775 	
795.775 	0
0	0	0	0	
1722 	1723 	1775 	1776 	
795.775 	0
0	0	0	0	
1723 	1724 	1776 	1777 	
795.775 	0
0	0	0	0	
1724 	1725 	1777 	1778 	
795.775 	0
0	0	0	0	
1725 	1726 	1778 	1779 	
795.775 	0
0	0	0	0	
1726 	1727 	1779 	1780 	
795.775 	0
0	0	0	0	
1727 	1728 	1780 	1781 	
795.775 	0
0	0	0	0	
1728 	1729 	1781 	1782 	
795.775 	0
0	0	0	0	
1729 	1730 	1782 	1783 	
795.775 	0
0	0	0	0	
1730 	1731 	1783 	1784 	
795.775 	0
0	0	0	0	
1731 	1732 	1784 	1785 	
795.775 	0
0	0	0	0	
1732 	1733 	1785 	1786 	
795.775 	0
0	0	0	0	
1733 	1734 	1786 	1787 	
795.775 	0
0	0	0	0	
1734 	1735 	1787 	1788 	
795.775 	0
0	0	0	0	
1735 	1736 	1788 	1789 	
795.775 	0
0	0	0	0	
1736 	1737 	1789 	1790 	
795.775 	0
0	0	0	0	
1737 	1738 	1790 	1791 	
795.775 	0
0	0	0	0	
1738 	1739 	1791 	1792 	
795.775 	0
0	0	0	0	
1739 	1740 	1792 	1793 	
795.775 	0
0	0	0	0	
1740 	1741 	1793 	1794 	
795.775 	0
0	0	0	0	
1741 	1742 	1794 	1795 	
795.775 	0
0	0	0	0	
1742 	1743 	1795 	1796 	
795.775 	0
0	0	0	0	
1743 	1744 	1796 	1797 	
795.775 	0
0	0	0	0	
1744 	1745 	1797 	1798 	
795.775 	0
0	0	0	0	
1745 	1746 	1798 	1799 	
795.775 	0
0	0	0	0	
1746 	1747 	1799 	1800 	
795.775 	0
0	0	0	0	
1747 	1748 	1800 	1801 	
795775 	0
0	0	0	0	
1749 	1750 	1802 	1803 	
795775 	0
0	0	0	0	
1750 	1751 	1803 	1804 	
795.775 	0
0	0	0	0	
1751 	1752 	1804 	1805 	
795.775 	0
0	0	0	0	
1752 	1753 	1805 	1806 	
795.775 	0
0	0	0	0	
1753 	1754 	1806 	1807 	
795.775 	0
0	0	0	0	
1754 	1755 	1807 	1808 	
795.775 	0
0	0	0	0	
1755 	1756 	1808 	1809 	
795.775 	0
0	0	0	0	
1756 	1757 	1809 	1810 	
795.775 	0
0	0	0	0	
1757 	1758 	1810 	1811 	
795.775 	0
0	0	0	0	
1758 	1759 	1811 	1812 	
795.775 	0
0	0	0	0	
1759 	1760 	1812 	1813 	
795.775 	0
0	0	0	0	
1760 	1761 	1813 	1814 	
795.775 	0
0	0	0	0	
1761 	1762 	1814 	1815 	
795.775 	0
0	0	0	0	
1762 	1763 	1815 	1816 	
795.775 	0
0	0	0	0	
1763 	1764 	1816 	1817 	
795.775 	0
0	0	0	0	
1764 	1765 	1817 	1818 	
795.775 	0
0	0	0	0	
1765 	1766 	1818 	1819 	
795.775 	0
0	0	0	0	
1766 	1767 	1819 	1820 	
795.775 	0
0	0	0	0	
1767 	1768 	1820 	1821 	
795.775 	0
0	0	0	0	
1768 	1769 	1821 	1822 	
795.775 	0
0	0	0	0	
1769 	1770 	1822 	1823 	
795.775 	0
0	0	0	0	
1770 	1771 	1823 	1824 	
795.775 	0
0	0	0	0	
1771 	1772 	1824 	1825 	
795.775 	0
0	0	0	0	
1772 	1773 	1825 	1826 	
795.775 	0
0	0	0	0	
1773 	1774 	1826 	1827 	
795.775 	0
0	0	0	0	
1774 	1775 	1827 	1828 	
795.775 	0
0	0	0	0	
1775 	1776 	1828 	1829 	
795.775 	0
0	0	0	0	
1776 	1777 	1829 	1830 	
795.775 	0
0	0	0	0	
1777 	1778 	1830 	1831 	
795.775 	0
0	0	0	0	
1778 	1779 	1831 	1832 	
795.775 	0
0	0	0	0	
1779 	1780 	1832 	1833 	
795.775 	0
0	0	0	0	
1780 	1781 	1833 	1834 	
795.775 	0
0	0	0	0	
1781 	1782 	1834 	1835 	
795.775 	0
0	0	0	0	
1782 	1783 	1835 	1836 	
795.775 	0
0	0	0	0	
1783 	1784 	1836 	1837 	
795.775 	0
0	0	0	0	
1784 	1785 	1837 	1838 	
795.775 	0
0	0	0	0	
1785 	1786 	1838 	1839 	
795.775 	0
0	0	0	0	
1786 	1787 	1839 	1840 	
795.775 	0
0	0	0	0	
1787 	1788 	1840 	1841 	
795.775 	0
0	0	0	0	
1788 	1789 	1841 	1842 	
795.775 	0
0	0	0	0	
1789 	1790 	1842 	1843 	
795.775 	0
0	0	0	0	
1790 	1791 	1843 	1844 	
795.775 	0
0	0	0	0	
1791 	1792 	1844 	1845 	
795.775 	0
0	0	0	0	
1792 	1793 	1845 	1846 	
795.775 	0
0	0	0	0	
1793 	1794 	1846 	1847 	
795.775 	0
0	0	0	0	
1794 	1795 	1847 	1848 	
795.775 	0
0	0	0	0	
1795 	1796 	1848 	1849 	
795.775 	0
0	0	0	0	
1796 	1797 	1849 	1850 	
795.775 	0
0	0	0	0	
1797 	1798 	1850 	1851 	
795.775 	0
0	0	0	0	
1798 	1799 	1851 	1852 	
795.775 	0
0	0	0	0	
1799 	1800 	1852 	1853 	
795.775 	0
0	0	0	0	
1800 	1801 	1853 	1854 	
795775 	0
0	0	0	0	
1802 	1803 	1855 	1856 	
795775 	0
0	0	0	0	
1803 	1804 	1856 	1857 	
795.775 	0
0	0	0	0	
1804 	1805 	1857 	1858 	
795.775 	0
0	0	0	0	
1805 	1806 	1858 	1859 	
795.775 	0
0	0	0	0	
1806 	1807 	1859 	1860 	
795.775 	0
0	0	0	0	
1807 	1808 	1860 	1861 	
795.775 	0
0	0	0	0	
1808 	1809 	1861 	1862 	
795.775 	0
0	0	0	0	
1809 	1810 	1862 	1863 	
795.775 	0
0	0	0	0	
1810 	1811 	1863 	1864 	
795.775 	0
0	0	0	0	
1811 	1812 	1864 	1865 	
795.775 	0
0	0	0	0	
1812 	1813 	1865 	1866 	
795.775 	0
0	0	0	0	
1813 	1814 	1866 	1867 	
795.775 	0
0	0	0	0	
1814 	1815 	1867 	1868 	
795.775 	0
0	0	0	0	
1815 	1816 	1868 	1869 	
795.775 	0
0	0	0	0	
1816 	1817 	1869 	1870 	
795.775 	0
0	0	0	0	
1817 	1818 	1870 	1871 	
795.775 	0
0	0	0	0	
1818 	1819 	1871 	1872 	
795.775 	0
0	0	0	0	
1819 	1820 	1872 	1873 	
795.775 	0
0	0	0	0	
1820 	1821 	1873 	1874 	
795.775 	0
0	0	0	0	
1821 	1822 	1874 	1875 	
795.775 	0
0	0	0	0	
1822 	1823 	1875 	1876 	
795.775 	0
0	0	0	0	
1823 	1824 	1876 	1877 	
795.775 	0
0	0	0	0	
1824 	1825 	1877 	1878 	
795.775 	0
0	0	0	0	
1825 	1826 	1878 	1879 	
795.775 	0
0	0	0	0	
1826 	1827 	1879 	1880 	
795.775 	0
0	0	0	0	
1827 	1828 	1880 	1881 	
795.775 	0
0	0	0	0	
1828 	1829 	1881 	1882 	
795.775 	0
0	0	0	0	
1829 	1830 	1882 	1883 	
795.775 	0
0	0	0	0	
1830 	1831 	1883 	1884 	
795.775 	0
0	0	0	0	
1831 	1832 	1884 	1885 	
795.775 	0
0	0	0	0	
1832 	1833 	1885 	1886 	
795.775 	0
0	0	0	0	
1833 	1834 	1886 	1887 	
795.775 	0
0	0	0	0	
1834 	1835 	1887 	1888 	
795.775 	0
0	0	0	0	
1835 	1836 	1888 	1889 	
795.775 	0
0	0	0	0	
1836 	1837 	1889 	1890 	
795.775 	0
0	0	0	0	
1837 	1838 	1890 	1891 	
795.775 	0
0	0	0	0	
1838 	1839 	1891 	1892 	
795.775 	0
0	0	0	0	
1839 	1840 	1892 	1893 	
795.775 	0
0	0	0	0	
1840 	1841 	1893 	1894 	
795.775 	0
0	0	0	0	
1841 	1842 	1894 	1895 	
795.775 	0
0	0	0	0	
1842 	1843 	1895 	1896 	
795.775 	0
0	0	0	0	
1843 	1844 	1896 	1897 	
795.775 	0
0	0	0	0	
1844 	1845 	1897 	1898 	
795.775 	0
0	0	0	0	
1845 	1846 	1898 	1899 	
795.775 	0
0	0	0	0	
1846 	1847 	1899 	1900 	
795.775 	0
0	0	0	0	
1847 	1848 	1900 	1901 	
795.775 	0
0	0	0	0	
1848 	1849 	1901 	1902 	
795.775 	0
0	0	0	0	
1849 	1850 	1902 	1903 	
795.775 	0
0	0	0	0	
1850 	1851 	1903 	1904 	
795.775 	0
0	0	0	0	
1851 	1852 	1904 	1905 	
795.775 	0
0	0	0	0	
1852 	1853 	1905 	1906 	
795.775 	0
0	0	0	0	
1853 	1854 	1906 	1907 	
795775 	0
0	0	0	0	
1855 	1856 	1908 	1909 	
795775 	0
0	0	0	0	
1856 	1857 	1909 	1910 	
795775 	0
0	0	0	0	
1857 	1858 	1910 	1911 	
795775 	0
0	0	0	0	
1858 	1859 	1911 	1912 	
795775 	0
0	0	0	0	
1859 	1860 	1912 	1913 	
795775 	0
0	0	0	0	
1860 	1861 	1913 	1914 	
795775 	0
0	0	0	0	
1861 	1862 	1914 	1915 	
795775 	0
0	0	0	0	
1862 	1863 	1915 	1916 	
795775 	0
0	0	0	0	
1863 	1864 	1916 	1917 	
795775 	0
0	0	0	0	
1864 	1865 	1917 	1918 	
795775 	0
0	0	0	0	
1865 	1866 	1918 	1919 	
795775 	0
0	0	0	0	
1866 	1867 	1919 	1920 	
795775 	0
0	0	0	0	
1867 	1868 	1920 	1921 	
795775 	0
0	0	0	0	
1868 	1869 	1921 	1922 	
795775 	0
0	0	0	0	
1869 	1870 	1922 	1923 	
795775 	0
0	0	0	0	
1870 	1871 	1923 	1924 	
795775 	0
0	0	0	0	
1871 	1872 	1924 	1925 	
795775 	0
0	0	0	0	
1872 	1873 	1925 	1926 	
795775 	0
0	0	0	0	
1873 	1874 	1926 	1927 	
795775 	0
0	0	0	0	
1874 	1875 	1927 	1928 	
795775 	0
0	0	0	0	
1875 	1876 	1928 	1929 	
795775 	0
0	0	0	0	
1876 	1877 	1929 	1930 	
795775 	0
0	0	0	0	
1877 	1878 	1930 	1931 	
795775 	0
0	0	0	0	
1878 	1879 	1931 	1932 	
795775 	0
0	0	0	0	
1879 	1880 	1932 	1933 	
795775 	0
0	0	0	0	
1880 	1881 	1933 	1934 	
795775 	0
0	0	0	0	
1881 	1882 	1934 	1935 	
795775 	0
0	0	0	0	
1882 	1883 	1935 	1936 	
795775 	0
0	0	0	0	
1883 	1884 	1936 	1937 	
795775 	0
0	0	0	0	
1884 	1885 	1937 	1938 	
795775 	0
0	0	0	0	
1885 	1886 	1938 	1939 	
795775 	0
0	0	0	0	
1886 	1887 	1939 	1940 	
795775 	0
0	0	0	0	
1887 	1888 	1940 	1941 	
795775 	0
0	0	0	0	
1888 	1889 	1941 	1942 	
795775 	0
0	0	0	0	
1889 	1890 	1942 	1943 	
795775 	0
0	0	0	0	
1890 	1891 	1943 	1944 	
795775 	0
0	0	0	0	
1891 	1892 	1944 	1945 	
795775 	0
0	0	0	0	
1892 	1893 	1945 	1946 	
795775 	0
0	0	0	0	
1893 	1894 	1946 	1947 	
795775 	0
0	0	0	0	
1894 	1895 	1947 	1948 	
795775 	0
0	0	0	0	
1895 	1896 	1948 	1949 	
795775 	0
0	0	0	0	
1896 	1897 	1949 	1950 	
795775 	0
0	0	0	0	
1897 	1898 	1950 	1951 	
795775 	0
0	0	0	0	
1898 	1899 	1951 	1952 	
795775 	0
0	0	0	0	
1899 	1900 	1952 	1953 	
795775 	0
0	0	0	0	
1900 	1901 	1953 	1954 	
795775 	0
0	0	0	0	
1901 	1902 	1954 	1955 	
795775 	0
0	0	0	0	
1902 	1903 	1955 	1956 	
795775 	0
0	0	0	0	
1903 	1904 	1956 	1957 	
795775 	0
0	0	0	0	
1904 	1905 	1957 	1958 	
795775 	0
0	0	0	0	
1905 	1906 	1958 	1959 	
795775 	0
0	0	0	0	
1906 	1907 	1959 	1960 	
795775 	0
0	0	0	0	
