1961
-0.0425 	0
-0.035 	0
-0.0314991 	0
-0.0279159 	0
-0.0249299 	0
-0.0224416 	0
-0.020368 	0
-0.01864 	0
-0.0172 	0
-0.016 	0
-0.015 	0
-0.0143001 	0
-0.0134 	0
-0.0125 	0
-0.0115001 	0
-0.0105 	0
-0.00950001 	0
-0.0085 	0
-0.0075 	0
-0.00670001 	0
-0.00585 	0
-0.005 	0
-0.004 	0
-0.00299999 	0
-0.00199997 	0
-0.00099994 	0
1.00001e-07 	0
0.00100015 	0
0.00200021 	0
0.00300028 	0
0.00400036 	0
0.005 	0
0.00585 	0
0.00670001 	0
0.0075 	0
0.0085 	0
0.0095001 	0
0.0105003 	0
0.0115006 	0
0.0125 	0
0.0134 	0
0.0143 	0
0.015 	0
0.016 	0
0.0172 	0
0.01864 	0
0.020368 	0
0.0224416 	0
0.0249299 	0
0.0279159 	0
0.0314991 	0
0.035 	0
0.0425 	0
-0.0425 	0.0005
-0.035 	0.0005
-0.0314991 	0.0005
-0.0279159 	0.0005
-0.0249299 	0.0005
-0.0224416 	0.0005
-0.020368 	0.0005
-0.01864 	0.0005
-0.0172 	0.0005
-0.016 	0.0005
-0.015 	0.0005
-0.0143001 	0.0005
-0.0134 	0.0005
-0.0125 	0.0005
-0.0115001 	0.0005
-0.0105 	0.0005
-0.00950001 	0.0005
-0.0085 	0.0005
-0.0075 	0.0005
-0.00670001 	0.0005
-0.00585 	0.0005
-0.005 	0.0005
-0.004 	0.0005
-0.00299999 	0.0005
-0.00199997 	0.0005
-0.00099994 	0.0005
1.00001e-07 	0.0005
0.00100015 	0.0005
0.00200021 	0.0005
0.00300028 	0.0005
0.00400036 	0.0005
0.005 	0.0005
0.00585 	0.0005
0.00670001 	0.0005
0.0075 	0.0005
0.0085 	0.0005
0.0095001 	0.0005
0.0105003 	0.0005
0.0115006 	0.0005
0.0125 	0.0005
0.0134 	0.0005
0.0143 	0.0005
0.015 	0.0005
0.016 	0.0005
0.0172 	0.0005
0.01864 	0.0005
0.020368 	0.0005
0.0224416 	0.0005
0.0249299 	0.0005
0.0279159 	0.0005
0.0314991 	0.0005
0.035 	0.0005
0.0425 	0.0005
-0.0425 	0.001
-0.035 	0.001
-0.0314991 	0.001
-0.0279159 	0.001
-0.0249299 	0.001
-0.0224416 	0.001
-0.020368 	0.001
-0.01864 	0.001
-0.0172 	0.001
-0.016 	0.001
-0.015 	0.001
-0.0143001 	0.001
-0.0134 	0.001
-0.0125 	0.001
-0.0115001 	0.001
-0.0105 	0.001
-0.00950001 	0.001
-0.0085 	0.001
-0.0075 	0.001
-0.00670001 	0.001
-0.00585 	0.001
-0.005 	0.001
-0.004 	0.001
-0.00299999 	0.001
-0.00199997 	0.001
-0.00099994 	0.001
1.00001e-07 	0.001
0.00100015 	0.001
0.00200021 	0.001
0.00300028 	0.001
0.00400036 	0.001
0.005 	0.001
0.00585 	0.001
0.00670001 	0.001
0.0075 	0.001
0.0085 	0.001
0.0095001 	0.001
0.0105003 	0.001
0.0115006 	0.001
0.0125 	0.001
0.0134 	0.001
0.0143 	0.001
0.015 	0.001
0.016 	0.001
0.0172 	0.001
0.01864 	0.001
0.020368 	0.001
0.0224416 	0.001
0.0249299 	0.001
0.0279159 	0.001
0.0314991 	0.001
0.035 	0.001
0.0425 	0.001
-0.0425 	0.0015
-0.035 	0.0015
-0.0314991 	0.0015
-0.0279159 	0.0015
-0.0249299 	0.0015
-0.0224416 	0.0015
-0.020368 	0.0015
-0.01864 	0.0015
-0.0172 	0.0015
-0.016 	0.0015
-0.015 	0.0015
-0.0143001 	0.0015
-0.0134 	0.0015
-0.0125 	0.0015
-0.0115001 	0.0015
-0.0105 	0.0015
-0.00950001 	0.0015
-0.0085 	0.0015
-0.0075 	0.0015
-0.00670001 	0.0015
-0.00585 	0.0015
-0.005 	0.0015
-0.004 	0.0015
-0.00299999 	0.0015
-0.00199997 	0.0015
-0.00099994 	0.0015
1.00001e-07 	0.0015
0.00100015 	0.0015
0.00200021 	0.0015
0.00300028 	0.0015
0.00400036 	0.0015
0.005 	0.0015
0.00585 	0.0015
0.00670001 	0.0015
0.0075 	0.0015
0.0085 	0.0015
0.0095001 	0.0015
0.0105003 	0.0015
0.0115006 	0.0015
0.0125 	0.0015
0.0134 	0.0015
0.0143 	0.0015
0.015 	0.0015
0.016 	0.0015
0.0172 	0.0015
0.01864 	0.0015
0.020368 	0.0015
0.0224416 	0.0015
0.0249299 	0.0015
0.0279159 	0.0015
0.0314991 	0.0015
0.035 	0.0015
0.0425 	0.0015
-0.0425 	0.002025
-0.035 	0.002025
-0.0314991 	0.002025
-0.0279159 	0.002025
-0.0249299 	0.002025
-0.0224416 	0.002025
-0.020368 	0.002025
-0.01864 	0.002025
-0.0172 	0.002025
-0.016 	0.002025
-0.015 	0.002025
-0.0143001 	0.002025
-0.0134 	0.002025
-0.0125 	0.002025
-0.0115001 	0.002025
-0.0105 	0.002025
-0.00950001 	0.002025
-0.0085 	0.002025
-0.0075 	0.002025
-0.00670001 	0.002025
-0.00585 	0.002025
-0.005 	0.002025
-0.004 	0.002025
-0.00299999 	0.002025
-0.00199997 	0.002025
-0.00099994 	0.002025
1.00001e-07 	0.002025
0.00100015 	0.002025
0.00200021 	0.002025
0.00300028 	0.002025
0.00400036 	0.002025
0.005 	0.002025
0.00585 	0.002025
0.00670001 	0.002025
0.0075 	0.002025
0.0085 	0.002025
0.0095001 	0.002025
0.0105003 	0.002025
0.0115006 	0.002025
0.0125 	0.002025
0.0134 	0.002025
0.0143 	0.002025
0.015 	0.002025
0.016 	0.002025
0.0172 	0.002025
0.01864 	0.002025
0.020368 	0.002025
0.0224416 	0.002025
0.0249299 	0.002025
0.0279159 	0.002025
0.0314991 	0.002025
0.035 	0.002025
0.0425 	0.002025
-0.0425 	0.00257625
-0.035 	0.00257625
-0.0314991 	0.00257625
-0.0279159 	0.00257625
-0.0249299 	0.00257625
-0.0224416 	0.00257625
-0.020368 	0.00257625
-0.01864 	0.00257625
-0.0172 	0.00257625
-0.016 	0.00257625
-0.015 	0.00257625
-0.0143001 	0.00257625
-0.0134 	0.00257625
-0.0125 	0.00257625
-0.0115001 	0.00257625
-0.0105 	0.00257625
-0.00950001 	0.00257625
-0.0085 	0.00257625
-0.0075 	0.00257625
-0.00670001 	0.00257625
-0.00585 	0.00257625
-0.005 	0.00257625
-0.004 	0.00257625
-0.00299999 	0.00257625
-0.00199997 	0.00257625
-0.00099994 	0.00257625
1.00001e-07 	0.00257625
0.00100015 	0.00257625
0.00200021 	0.00257625
0.00300028 	0.00257625
0.00400036 	0.00257625
0.005 	0.00257625
0.00585 	0.00257625
0.00670001 	0.00257625
0.0075 	0.00257625
0.0085 	0.00257625
0.0095001 	0.00257625
0.0105003 	0.00257625
0.0115006 	0.00257625
0.0125 	0.00257625
0.0134 	0.00257625
0.0143 	0.00257625
0.015 	0.00257625
0.016 	0.00257625
0.0172 	0.00257625
0.01864 	0.00257625
0.020368 	0.00257625
0.0224416 	0.00257625
0.0249299 	0.00257625
0.0279159 	0.00257625
0.0314991 	0.00257625
0.035 	0.00257625
0.0425 	0.00257625
-0.0425 	0.00315506
-0.035 	0.00315506
-0.0314991 	0.00315506
-0.0279159 	0.00315506
-0.0249299 	0.00315506
-0.0224416 	0.00315506
-0.020368 	0.00315506
-0.01864 	0.00315506
-0.0172 	0.00315506
-0.016 	0.00315506
-0.015 	0.00315506
-0.0143001 	0.00315506
-0.0134 	0.00315506
-0.0125 	0.00315506
-0.0115001 	0.00315506
-0.0105 	0.00315506
-0.00950001 	0.00315506
-0.0085 	0.00315506
-0.0075 	0.00315506
-0.00670001 	0.00315506
-0.00585 	0.00315506
-0.005 	0.00315506
-0.004 	0.00315506
-0.00299999 	0.00315506
-0.00199997 	0.00315506
-0.00099994 	0.00315506
1.00001e-07 	0.00315506
0.00100015 	0.00315506
0.00200021 	0.00315506
0.00300028 	0.00315506
0.00400036 	0.00315506
0.005 	0.00315506
0.00585 	0.00315506
0.00670001 	0.00315506
0.0075 	0.00315506
0.0085 	0.00315506
0.0095001 	0.00315506
0.0105003 	0.00315506
0.0115006 	0.00315506
0.0125 	0.00315506
0.0134 	0.00315506
0.0143 	0.00315506
0.015 	0.00315506
0.016 	0.00315506
0.0172 	0.00315506
0.01864 	0.00315506
0.020368 	0.00315506
0.0224416 	0.00315506
0.0249299 	0.00315506
0.0279159 	0.00315506
0.0314991 	0.00315506
0.035 	0.00315506
0.0425 	0.00315506
-0.0425 	0.00376282
-0.035 	0.00376282
-0.0314991 	0.00376282
-0.0279159 	0.00376282
-0.0249299 	0.00376282
-0.0224416 	0.00376282
-0.020368 	0.00376282
-0.01864 	0.00376282
-0.0172 	0.00376282
-0.016 	0.00376282
-0.015 	0.00376282
-0.0143001 	0.00376282
-0.0134 	0.00376282
-0.0125 	0.00376282
-0.0115001 	0.00376282
-0.0105 	0.00376282
-0.00950001 	0.00376282
-0.0085 	0.00376282
-0.0075 	0.00376282
-0.00670001 	0.00376282
-0.00585 	0.00376282
-0.005 	0.00376282
-0.004 	0.00376282
-0.00299999 	0.00376282
-0.00199997 	0.00376282
-0.00099994 	0.00376282
1.00001e-07 	0.00376282
0.00100015 	0.00376282
0.00200021 	0.00376282
0.00300028 	0.00376282
0.00400036 	0.00376282
0.005 	0.00376282
0.00585 	0.00376282
0.00670001 	0.00376282
0.0075 	0.00376282
0.0085 	0.00376282
0.0095001 	0.00376282
0.0105003 	0.00376282
0.0115006 	0.00376282
0.0125 	0.00376282
0.0134 	0.00376282
0.0143 	0.00376282
0.015 	0.00376282
0.016 	0.00376282
0.0172 	0.00376282
0.01864 	0.00376282
0.020368 	0.00376282
0.0224416 	0.00376282
0.0249299 	0.00376282
0.0279159 	0.00376282
0.0314991 	0.00376282
0.035 	0.00376282
0.0425 	0.00376282
-0.0425 	0.00440096
-0.035 	0.00440096
-0.0314991 	0.00440096
-0.0279159 	0.00440096
-0.0249299 	0.00440096
-0.0224416 	0.00440096
-0.020368 	0.00440096
-0.01864 	0.00440096
-0.0172 	0.00440096
-0.016 	0.00440096
-0.015 	0.00440096
-0.0143001 	0.00440096
-0.0134 	0.00440096
-0.0125 	0.00440096
-0.0115001 	0.00440096
-0.0105 	0.00440096
-0.00950001 	0.00440096
-0.0085 	0.00440096
-0.0075 	0.00440096
-0.00670001 	0.00440096
-0.00585 	0.00440096
-0.005 	0.00440096
-0.004 	0.00440096
-0.00299999 	0.00440096
-0.00199997 	0.00440096
-0.00099994 	0.00440096
1.00001e-07 	0.00440096
0.00100015 	0.00440096
0.00200021 	0.00440096
0.00300028 	0.00440096
0.00400036 	0.00440096
0.005 	0.00440096
0.00585 	0.00440096
0.00670001 	0.00440096
0.0075 	0.00440096
0.0085 	0.00440096
0.0095001 	0.00440096
0.0105003 	0.00440096
0.0115006 	0.00440096
0.0125 	0.00440096
0.0134 	0.00440096
0.0143 	0.00440096
0.015 	0.00440096
0.016 	0.00440096
0.0172 	0.00440096
0.01864 	0.00440096
0.020368 	0.00440096
0.0224416 	0.00440096
0.0249299 	0.00440096
0.0279159 	0.00440096
0.0314991 	0.00440096
0.035 	0.00440096
0.0425 	0.00440096
-0.0425 	0.005071
-0.035 	0.005071
-0.0314991 	0.005071
-0.0279159 	0.005071
-0.0249299 	0.005071
-0.0224416 	0.005071
-0.020368 	0.005071
-0.01864 	0.005071
-0.0172 	0.005071
-0.016 	0.005071
-0.015 	0.005071
-0.0143001 	0.005071
-0.0134 	0.005071
-0.0125 	0.005071
-0.0115001 	0.005071
-0.0105 	0.005071
-0.00950001 	0.005071
-0.0085 	0.005071
-0.0075 	0.005071
-0.00670001 	0.005071
-0.00585 	0.005071
-0.005 	0.005071
-0.004 	0.005071
-0.00299999 	0.005071
-0.00199997 	0.005071
-0.00099994 	0.005071
1.00001e-07 	0.005071
0.00100015 	0.005071
0.00200021 	0.005071
0.00300028 	0.005071
0.00400036 	0.005071
0.005 	0.005071
0.00585 	0.005071
0.00670001 	0.005071
0.0075 	0.005071
0.0085 	0.005071
0.0095001 	0.005071
0.0105003 	0.005071
0.0115006 	0.005071
0.0125 	0.005071
0.0134 	0.005071
0.0143 	0.005071
0.015 	0.005071
0.016 	0.005071
0.0172 	0.005071
0.01864 	0.005071
0.020368 	0.005071
0.0224416 	0.005071
0.0249299 	0.005071
0.0279159 	0.005071
0.0314991 	0.005071
0.035 	0.005071
0.0425 	0.005071
-0.0425 	0.00577455
-0.035 	0.00577455
-0.0314991 	0.00577455
-0.0279159 	0.00577455
-0.0249299 	0.00577455
-0.0224416 	0.00577455
-0.020368 	0.00577455
-0.01864 	0.00577455
-0.0172 	0.00577455
-0.016 	0.00577455
-0.015 	0.00577455
-0.0143001 	0.00577455
-0.0134 	0.00577455
-0.0125 	0.00577455
-0.0115001 	0.00577455
-0.0105 	0.00577455
-0.00950001 	0.00577455
-0.0085 	0.00577455
-0.0075 	0.00577455
-0.00670001 	0.00577455
-0.00585 	0.00577455
-0.005 	0.00577455
-0.004 	0.00577455
-0.00299999 	0.00577455
-0.00199997 	0.00577455
-0.00099994 	0.00577455
1.00001e-07 	0.00577455
0.00100015 	0.00577455
0.00200021 	0.00577455
0.00300028 	0.00577455
0.00400036 	0.00577455
0.005 	0.00577455
0.00585 	0.00577455
0.00670001 	0.00577455
0.0075 	0.00577455
0.0085 	0.00577455
0.0095001 	0.00577455
0.0105003 	0.00577455
0.0115006 	0.00577455
0.0125 	0.00577455
0.0134 	0.00577455
0.0143 	0.00577455
0.015 	0.00577455
0.016 	0.00577455
0.0172 	0.00577455
0.01864 	0.00577455
0.020368 	0.00577455
0.0224416 	0.00577455
0.0249299 	0.00577455
0.0279159 	0.00577455
0.0314991 	0.00577455
0.035 	0.00577455
0.0425 	0.00577455
-0.0425 	0.00651328
-0.035 	0.00651328
-0.0314991 	0.00651328
-0.0279159 	0.00651328
-0.0249299 	0.00651328
-0.0224416 	0.00651328
-0.020368 	0.00651328
-0.01864 	0.00651328
-0.0172 	0.00651328
-0.016 	0.00651328
-0.015 	0.00651328
-0.0143001 	0.00651328
-0.0134 	0.00651328
-0.0125 	0.00651328
-0.0115001 	0.00651328
-0.0105 	0.00651328
-0.00950001 	0.00651328
-0.0085 	0.00651328
-0.0075 	0.00651328
-0.00670001 	0.00651328
-0.00585 	0.00651328
-0.005 	0.00651328
-0.004 	0.00651328
-0.00299999 	0.00651328
-0.00199997 	0.00651328
-0.00099994 	0.00651328
1.00001e-07 	0.00651328
0.00100015 	0.00651328
0.00200021 	0.00651328
0.00300028 	0.00651328
0.00400036 	0.00651328
0.005 	0.00651328
0.00585 	0.00651328
0.00670001 	0.00651328
0.0075 	0.00651328
0.0085 	0.00651328
0.0095001 	0.00651328
0.0105003 	0.00651328
0.0115006 	0.00651328
0.0125 	0.00651328
0.0134 	0.00651328
0.0143 	0.00651328
0.015 	0.00651328
0.016 	0.00651328
0.0172 	0.00651328
0.01864 	0.00651328
0.020368 	0.00651328
0.0224416 	0.00651328
0.0249299 	0.00651328
0.0279159 	0.00651328
0.0314991 	0.00651328
0.035 	0.00651328
0.0425 	0.00651328
-0.0425 	0.00728895
-0.035 	0.00728895
-0.0314991 	0.00728895
-0.0279159 	0.00728895
-0.0249299 	0.00728895
-0.0224416 	0.00728895
-0.020368 	0.00728895
-0.01864 	0.00728895
-0.0172 	0.00728895
-0.016 	0.00728895
-0.015 	0.00728895
-0.0143001 	0.00728895
-0.0134 	0.00728895
-0.0125 	0.00728895
-0.0115001 	0.00728895
-0.0105 	0.00728895
-0.00950001 	0.00728895
-0.0085 	0.00728895
-0.0075 	0.00728895
-0.00670001 	0.00728895
-0.00585 	0.00728895
-0.005 	0.00728895
-0.004 	0.00728895
-0.00299999 	0.00728895
-0.00199997 	0.00728895
-0.00099994 	0.00728895
1.00001e-07 	0.00728895
0.00100015 	0.00728895
0.00200021 	0.00728895
0.00300028 	0.00728895
0.00400036 	0.00728895
0.005 	0.00728895
0.00585 	0.00728895
0.00670001 	0.00728895
0.0075 	0.00728895
0.0085 	0.00728895
0.0095001 	0.00728895
0.0105003 	0.00728895
0.0115006 	0.00728895
0.0125 	0.00728895
0.0134 	0.00728895
0.0143 	0.00728895
0.015 	0.00728895
0.016 	0.00728895
0.0172 	0.00728895
0.01864 	0.00728895
0.020368 	0.00728895
0.0224416 	0.00728895
0.0249299 	0.00728895
0.0279159 	0.00728895
0.0314991 	0.00728895
0.035 	0.00728895
0.0425 	0.00728895
-0.0425 	0.00810339
-0.035 	0.00810339
-0.0314991 	0.00810339
-0.0279159 	0.00810339
-0.0249299 	0.00810339
-0.0224416 	0.00810339
-0.020368 	0.00810339
-0.01864 	0.00810339
-0.0172 	0.00810339
-0.016 	0.00810339
-0.015 	0.00810339
-0.0143001 	0.00810339
-0.0134 	0.00810339
-0.0125 	0.00810339
-0.0115001 	0.00810339
-0.0105 	0.00810339
-0.00950001 	0.00810339
-0.0085 	0.00810339
-0.0075 	0.00810339
-0.00670001 	0.00810339
-0.00585 	0.00810339
-0.005 	0.00810339
-0.004 	0.00810339
-0.00299999 	0.00810339
-0.00199997 	0.00810339
-0.00099994 	0.00810339
1.00001e-07 	0.00810339
0.00100015 	0.00810339
0.00200021 	0.00810339
0.00300028 	0.00810339
0.00400036 	0.00810339
0.005 	0.00810339
0.00585 	0.00810339
0.00670001 	0.00810339
0.0075 	0.00810339
0.0085 	0.00810339
0.0095001 	0.00810339
0.0105003 	0.00810339
0.0115006 	0.00810339
0.0125 	0.00810339
0.0134 	0.00810339
0.0143 	0.00810339
0.015 	0.00810339
0.016 	0.00810339
0.0172 	0.00810339
0.01864 	0.00810339
0.020368 	0.00810339
0.0224416 	0.00810339
0.0249299 	0.00810339
0.0279159 	0.00810339
0.0314991 	0.00810339
0.035 	0.00810339
0.0425 	0.00810339
-0.0425 	0.00895856
-0.035 	0.00895856
-0.0314991 	0.00895856
-0.0279159 	0.00895856
-0.0249299 	0.00895856
-0.0224416 	0.00895856
-0.020368 	0.00895856
-0.01864 	0.00895856
-0.0172 	0.00895856
-0.016 	0.00895856
-0.015 	0.00895856
-0.0143001 	0.00895856
-0.0134 	0.00895856
-0.0125 	0.00895856
-0.0115001 	0.00895856
-0.0105 	0.00895856
-0.00950001 	0.00895856
-0.0085 	0.00895856
-0.0075 	0.00895856
-0.00670001 	0.00895856
-0.00585 	0.00895856
-0.005 	0.00895856
-0.004 	0.00895856
-0.00299999 	0.00895856
-0.00199997 	0.00895856
-0.00099994 	0.00895856
1.00001e-07 	0.00895856
0.00100015 	0.00895856
0.00200021 	0.00895856
0.00300028 	0.00895856
0.00400036 	0.00895856
0.005 	0.00895856
0.00585 	0.00895856
0.00670001 	0.00895856
0.0075 	0.00895856
0.0085 	0.00895856
0.0095001 	0.00895856
0.0105003 	0.00895856
0.0115006 	0.00895856
0.0125 	0.00895856
0.0134 	0.00895856
0.0143 	0.00895856
0.015 	0.00895856
0.016 	0.00895856
0.0172 	0.00895856
0.01864 	0.00895856
0.020368 	0.00895856
0.0224416 	0.00895856
0.0249299 	0.00895856
0.0279159 	0.00895856
0.0314991 	0.00895856
0.035 	0.00895856
0.0425 	0.00895856
-0.0425 	0.00985649
-0.035 	0.00985649
-0.0314991 	0.00985649
-0.0279159 	0.00985649
-0.0249299 	0.00985649
-0.0224416 	0.00985649
-0.020368 	0.00985649
-0.01864 	0.00985649
-0.0172 	0.00985649
-0.016 	0.00985649
-0.015 	0.00985649
-0.0143001 	0.00985649
-0.0134 	0.00985649
-0.0125 	0.00985649
-0.0115001 	0.00985649
-0.0105 	0.00985649
-0.00950001 	0.00985649
-0.0085 	0.00985649
-0.0075 	0.00985649
-0.00670001 	0.00985649
-0.00585 	0.00985649
-0.005 	0.00985649
-0.004 	0.00985649
-0.00299999 	0.00985649
-0.00199997 	0.00985649
-0.00099994 	0.00985649
1.00001e-07 	0.00985649
0.00100015 	0.00985649
0.00200021 	0.00985649
0.00300028 	0.00985649
0.00400036 	0.00985649
0.005 	0.00985649
0.00585 	0.00985649
0.00670001 	0.00985649
0.0075 	0.00985649
0.0085 	0.00985649
0.0095001 	0.00985649
0.0105003 	0.00985649
0.0115006 	0.00985649
0.0125 	0.00985649
0.0134 	0.00985649
0.0143 	0.00985649
0.015 	0.00985649
0.016 	0.00985649
0.0172 	0.00985649
0.01864 	0.00985649
0.020368 	0.00985649
0.0224416 	0.00985649
0.0249299 	0.00985649
0.0279159 	0.00985649
0.0314991 	0.00985649
0.035 	0.00985649
0.0425 	0.00985649
-0.0425 	0.0107993
-0.035 	0.0107993
-0.0314991 	0.0107993
-0.0279159 	0.0107993
-0.0249299 	0.0107993
-0.0224416 	0.0107993
-0.020368 	0.0107993
-0.01864 	0.0107993
-0.0172 	0.0107993
-0.016 	0.0107993
-0.015 	0.0107993
-0.0143001 	0.0107993
-0.0134 	0.0107993
-0.0125 	0.0107993
-0.0115001 	0.0107993
-0.0105 	0.0107993
-0.00950001 	0.0107993
-0.0085 	0.0107993
-0.0075 	0.0107993
-0.00670001 	0.0107993
-0.00585 	0.0107993
-0.005 	0.0107993
-0.004 	0.0107993
-0.00299999 	0.0107993
-0.00199997 	0.0107993
-0.00099994 	0.0107993
1.00001e-07 	0.0107993
0.00100015 	0.0107993
0.00200021 	0.0107993
0.00300028 	0.0107993
0.00400036 	0.0107993
0.005 	0.0107993
0.00585 	0.0107993
0.00670001 	0.0107993
0.0075 	0.0107993
0.0085 	0.0107993
0.0095001 	0.0107993
0.0105003 	0.0107993
0.0115006 	0.0107993
0.0125 	0.0107993
0.0134 	0.0107993
0.0143 	0.0107993
0.015 	0.0107993
0.016 	0.0107993
0.0172 	0.0107993
0.01864 	0.0107993
0.020368 	0.0107993
0.0224416 	0.0107993
0.0249299 	0.0107993
0.0279159 	0.0107993
0.0314991 	0.0107993
0.035 	0.0107993
0.0425 	0.0107993
-0.0425 	0.0117893
-0.035 	0.0117893
-0.0314991 	0.0117893
-0.0279159 	0.0117893
-0.0249299 	0.0117893
-0.0224416 	0.0117893
-0.020368 	0.0117893
-0.01864 	0.0117893
-0.0172 	0.0117893
-0.016 	0.0117893
-0.015 	0.0117893
-0.0143001 	0.0117893
-0.0134 	0.0117893
-0.0125 	0.0117893
-0.0115001 	0.0117893
-0.0105 	0.0117893
-0.00950001 	0.0117893
-0.0085 	0.0117893
-0.0075 	0.0117893
-0.00670001 	0.0117893
-0.00585 	0.0117893
-0.005 	0.0117893
-0.004 	0.0117893
-0.00299999 	0.0117893
-0.00199997 	0.0117893
-0.00099994 	0.0117893
1.00001e-07 	0.0117893
0.00100015 	0.0117893
0.00200021 	0.0117893
0.00300028 	0.0117893
0.00400036 	0.0117893
0.005 	0.0117893
0.00585 	0.0117893
0.00670001 	0.0117893
0.0075 	0.0117893
0.0085 	0.0117893
0.0095001 	0.0117893
0.0105003 	0.0117893
0.0115006 	0.0117893
0.0125 	0.0117893
0.0134 	0.0117893
0.0143 	0.0117893
0.015 	0.0117893
0.016 	0.0117893
0.0172 	0.0117893
0.01864 	0.0117893
0.020368 	0.0117893
0.0224416 	0.0117893
0.0249299 	0.0117893
0.0279159 	0.0117893
0.0314991 	0.0117893
0.035 	0.0117893
0.0425 	0.0117893
-0.0425 	0.0125
-0.035 	0.0125
-0.0314991 	0.0125
-0.0279159 	0.0125
-0.0249299 	0.0125
-0.0224416 	0.0125
-0.020368 	0.0125
-0.01864 	0.0125
-0.0172 	0.0125
-0.016 	0.0125
-0.015 	0.0125
-0.0143001 	0.0125
-0.0134 	0.0125
-0.0125 	0.0125
-0.0115001 	0.0125
-0.0105 	0.0125
-0.00950001 	0.0125
-0.0085 	0.0125
-0.0075 	0.0125
-0.00670001 	0.0125
-0.00585 	0.0125
-0.005 	0.0125
-0.004 	0.0125
-0.00299999 	0.0125
-0.00199997 	0.0125
-0.00099994 	0.0125
1.00001e-07 	0.0125
0.00100015 	0.0125
0.00200021 	0.0125
0.00300028 	0.0125
0.00400036 	0.0125
0.005 	0.0125
0.00585 	0.0125
0.00670001 	0.0125
0.0075 	0.0125
0.0085 	0.0125
0.0095001 	0.0125
0.0105003 	0.0125
0.0115006 	0.0125
0.0125 	0.0125
0.0134 	0.0125
0.0143 	0.0125
0.015 	0.0125
0.016 	0.0125
0.0172 	0.0125
0.01864 	0.0125
0.020368 	0.0125
0.0224416 	0.0125
0.0249299 	0.0125
0.0279159 	0.0125
0.0314991 	0.0125
0.035 	0.0125
0.0425 	0.0125
-0.0425 	0.0135
-0.035 	0.0135
-0.0314991 	0.0135
-0.0279159 	0.0135
-0.0249299 	0.0135
-0.0224416 	0.0135
-0.020368 	0.0135
-0.01864 	0.0135
-0.0172 	0.0135
-0.016 	0.0135
-0.015 	0.0135
-0.0143001 	0.0135
-0.0134 	0.0135
-0.0125 	0.0135
-0.0115001 	0.0135
-0.0105 	0.0135
-0.00950001 	0.0135
-0.0085 	0.0135
-0.0075 	0.0135
-0.00670001 	0.0135
-0.00585 	0.0135
-0.005 	0.0135
-0.004 	0.0135
-0.00299999 	0.0135
-0.00199997 	0.0135
-0.00099994 	0.0135
1.00001e-07 	0.0135
0.00100015 	0.0135
0.00200021 	0.0135
0.00300028 	0.0135
0.00400036 	0.0135
0.005 	0.0135
0.00585 	0.0135
0.00670001 	0.0135
0.0075 	0.0135
0.0085 	0.0135
0.0095001 	0.0135
0.0105003 	0.0135
0.0115006 	0.0135
0.0125 	0.0135
0.0134 	0.0135
0.0143 	0.0135
0.015 	0.0135
0.016 	0.0135
0.0172 	0.0135
0.01864 	0.0135
0.020368 	0.0135
0.0224416 	0.0135
0.0249299 	0.0135
0.0279159 	0.0135
0.0314991 	0.0135
0.035 	0.0135
0.0425 	0.0135
-0.0425 	0.01451
-0.035 	0.01451
-0.0314991 	0.01451
-0.0279159 	0.01451
-0.0249299 	0.01451
-0.0224416 	0.01451
-0.020368 	0.01451
-0.01864 	0.01451
-0.0172 	0.01451
-0.016 	0.01451
-0.015 	0.01451
-0.0143001 	0.01451
-0.0134 	0.01451
-0.0125 	0.01451
-0.0115001 	0.01451
-0.0105 	0.01451
-0.00950001 	0.01451
-0.0085 	0.01451
-0.0075 	0.01451
-0.00670001 	0.01451
-0.00585 	0.01451
-0.005 	0.01451
-0.004 	0.01451
-0.00299999 	0.01451
-0.00199997 	0.01451
-0.00099994 	0.01451
1.00001e-07 	0.01451
0.00100015 	0.01451
0.00200021 	0.01451
0.00300028 	0.01451
0.00400036 	0.01451
0.005 	0.01451
0.00585 	0.01451
0.00670001 	0.01451
0.0075 	0.01451
0.0085 	0.01451
0.0095001 	0.01451
0.0105003 	0.01451
0.0115006 	0.01451
0.0125 	0.01451
0.0134 	0.01451
0.0143 	0.01451
0.015 	0.01451
0.016 	0.01451
0.0172 	0.01451
0.01864 	0.01451
0.020368 	0.01451
0.0224416 	0.01451
0.0249299 	0.01451
0.0279159 	0.01451
0.0314991 	0.01451
0.035 	0.01451
0.0425 	0.01451
-0.0425 	0.0155301
-0.035 	0.0155301
-0.0314991 	0.0155301
-0.0279159 	0.0155301
-0.0249299 	0.0155301
-0.0224416 	0.0155301
-0.020368 	0.0155301
-0.01864 	0.0155301
-0.0172 	0.0155301
-0.016 	0.0155301
-0.015 	0.0155301
-0.0143001 	0.0155301
-0.0134 	0.0155301
-0.0125 	0.0155301
-0.0115001 	0.0155301
-0.0105 	0.0155301
-0.00950001 	0.0155301
-0.0085 	0.0155301
-0.0075 	0.0155301
-0.00670001 	0.0155301
-0.00585 	0.0155301
-0.005 	0.0155301
-0.004 	0.0155301
-0.00299999 	0.0155301
-0.00199997 	0.0155301
-0.00099994 	0.0155301
1.00001e-07 	0.0155301
0.00100015 	0.0155301
0.00200021 	0.0155301
0.00300028 	0.0155301
0.00400036 	0.0155301
0.005 	0.0155301
0.00585 	0.0155301
0.00670001 	0.0155301
0.0075 	0.0155301
0.0085 	0.0155301
0.0095001 	0.0155301
0.0105003 	0.0155301
0.0115006 	0.0155301
0.0125 	0.0155301
0.0134 	0.0155301
0.0143 	0.0155301
0.015 	0.0155301
0.016 	0.0155301
0.0172 	0.0155301
0.01864 	0.0155301
0.020368 	0.0155301
0.0224416 	0.0155301
0.0249299 	0.0155301
0.0279159 	0.0155301
0.0314991 	0.0155301
0.035 	0.0155301
0.0425 	0.0155301
-0.0425 	0.0165604
-0.035 	0.0165604
-0.0314991 	0.0165604
-0.0279159 	0.0165604
-0.0249299 	0.0165604
-0.0224416 	0.0165604
-0.020368 	0.0165604
-0.01864 	0.0165604
-0.0172 	0.0165604
-0.016 	0.0165604
-0.015 	0.0165604
-0.0143001 	0.0165604
-0.0134 	0.0165604
-0.0125 	0.0165604
-0.0115001 	0.0165604
-0.0105 	0.0165604
-0.00950001 	0.0165604
-0.0085 	0.0165604
-0.0075 	0.0165604
-0.00670001 	0.0165604
-0.00585 	0.0165604
-0.005 	0.0165604
-0.004 	0.0165604
-0.00299999 	0.0165604
-0.00199997 	0.0165604
-0.00099994 	0.0165604
1.00001e-07 	0.0165604
0.00100015 	0.0165604
0.00200021 	0.0165604
0.00300028 	0.0165604
0.00400036 	0.0165604
0.005 	0.0165604
0.00585 	0.0165604
0.00670001 	0.0165604
0.0075 	0.0165604
0.0085 	0.0165604
0.0095001 	0.0165604
0.0105003 	0.0165604
0.0115006 	0.0165604
0.0125 	0.0165604
0.0134 	0.0165604
0.0143 	0.0165604
0.015 	0.0165604
0.016 	0.0165604
0.0172 	0.0165604
0.01864 	0.0165604
0.020368 	0.0165604
0.0224416 	0.0165604
0.0249299 	0.0165604
0.0279159 	0.0165604
0.0314991 	0.0165604
0.035 	0.0165604
0.0425 	0.0165604
-0.0425 	0.0175
-0.035 	0.0175
-0.0314991 	0.0175
-0.0279159 	0.0175
-0.0249299 	0.0175
-0.0224416 	0.0175
-0.020368 	0.0175
-0.01864 	0.0175
-0.0172 	0.0175
-0.016 	0.0175
-0.015 	0.0175
-0.0143001 	0.0175
-0.0134 	0.0175
-0.0125 	0.0175
-0.0115001 	0.0175
-0.0105 	0.0175
-0.00950001 	0.0175
-0.0085 	0.0175
-0.0075 	0.0175
-0.00670001 	0.0175
-0.00585 	0.0175
-0.005 	0.0175
-0.004 	0.0175
-0.00299999 	0.0175
-0.00199997 	0.0175
-0.00099994 	0.0175
1.00001e-07 	0.0175
0.00100015 	0.0175
0.00200021 	0.0175
0.00300028 	0.0175
0.00400036 	0.0175
0.005 	0.0175
0.00585 	0.0175
0.00670001 	0.0175
0.0075 	0.0175
0.0085 	0.0175
0.0095001 	0.0175
0.0105003 	0.0175
0.0115006 	0.0175
0.0125 	0.0175
0.0134 	0.0175
0.0143 	0.0175
0.015 	0.0175
0.016 	0.0175
0.0172 	0.0175
0.01864 	0.0175
0.020368 	0.0175
0.0224416 	0.0175
0.0249299 	0.0175
0.0279159 	0.0175
0.0314991 	0.0175
0.035 	0.0175
0.0425 	0.0175
-0.0425 	0.0189
-0.035 	0.0189
-0.0314991 	0.0189
-0.0279159 	0.0189
-0.0249299 	0.0189
-0.0224416 	0.0189
-0.020368 	0.0189
-0.01864 	0.0189
-0.0172 	0.0189
-0.016 	0.0189
-0.015 	0.0189
-0.0143001 	0.0189
-0.0134 	0.0189
-0.0125 	0.0189
-0.0115001 	0.0189
-0.0105 	0.0189
-0.00950001 	0.0189
-0.0085 	0.0189
-0.0075 	0.0189
-0.00670001 	0.0189
-0.00585 	0.0189
-0.005 	0.0189
-0.004 	0.0189
-0.00299999 	0.0189
-0.00199997 	0.0189
-0.00099994 	0.0189
1.00001e-07 	0.0189
0.00100015 	0.0189
0.00200021 	0.0189
0.00300028 	0.0189
0.00400036 	0.0189
0.005 	0.0189
0.00585 	0.0189
0.00670001 	0.0189
0.0075 	0.0189
0.0085 	0.0189
0.0095001 	0.0189
0.0105003 	0.0189
0.0115006 	0.0189
0.0125 	0.0189
0.0134 	0.0189
0.0143 	0.0189
0.015 	0.0189
0.016 	0.0189
0.0172 	0.0189
0.01864 	0.0189
0.020368 	0.0189
0.0224416 	0.0189
0.0249299 	0.0189
0.0279159 	0.0189
0.0314991 	0.0189
0.035 	0.0189
0.0425 	0.0189
-0.0425 	0.02
-0.035 	0.02
-0.0314991 	0.02
-0.0279159 	0.02
-0.0249299 	0.02
-0.0224416 	0.02
-0.020368 	0.02
-0.01864 	0.02
-0.0172 	0.02
-0.016 	0.02
-0.015 	0.02
-0.0143001 	0.02
-0.0134 	0.02
-0.0125 	0.02
-0.0115001 	0.02
-0.0105 	0.02
-0.00950001 	0.02
-0.0085 	0.02
-0.0075 	0.02
-0.00670001 	0.02
-0.00585 	0.02
-0.005 	0.02
-0.004 	0.02
-0.00299999 	0.02
-0.00199997 	0.02
-0.00099994 	0.02
1.00001e-07 	0.02
0.00100015 	0.02
0.00200021 	0.02
0.00300028 	0.02
0.00400036 	0.02
0.005 	0.02
0.00585 	0.02
0.00670001 	0.02
0.0075 	0.02
0.0085 	0.02
0.0095001 	0.02
0.0105003 	0.02
0.0115006 	0.02
0.0125 	0.02
0.0134 	0.02
0.0143 	0.02
0.015 	0.02
0.016 	0.02
0.0172 	0.02
0.01864 	0.02
0.020368 	0.02
0.0224416 	0.02
0.0249299 	0.02
0.0279159 	0.02
0.0314991 	0.02
0.035 	0.02
0.0425 	0.02
-0.0425 	0.022
-0.035 	0.022
-0.0314991 	0.022
-0.0279159 	0.022
-0.0249299 	0.022
-0.0224416 	0.022
-0.020368 	0.022
-0.01864 	0.022
-0.0172 	0.022
-0.016 	0.022
-0.015 	0.022
-0.0143001 	0.022
-0.0134 	0.022
-0.0125 	0.022
-0.0115001 	0.022
-0.0105 	0.022
-0.00950001 	0.022
-0.0085 	0.022
-0.0075 	0.022
-0.00670001 	0.022
-0.00585 	0.022
-0.005 	0.022
-0.004 	0.022
-0.00299999 	0.022
-0.00199997 	0.022
-0.00099994 	0.022
1.00001e-07 	0.022
0.00100015 	0.022
0.00200021 	0.022
0.00300028 	0.022
0.00400036 	0.022
0.005 	0.022
0.00585 	0.022
0.00670001 	0.022
0.0075 	0.022
0.0085 	0.022
0.0095001 	0.022
0.0105003 	0.022
0.0115006 	0.022
0.0125 	0.022
0.0134 	0.022
0.0143 	0.022
0.015 	0.022
0.016 	0.022
0.0172 	0.022
0.01864 	0.022
0.020368 	0.022
0.0224416 	0.022
0.0249299 	0.022
0.0279159 	0.022
0.0314991 	0.022
0.035 	0.022
0.0425 	0.022
-0.0425 	0.0242
-0.035 	0.0242
-0.0314991 	0.0242
-0.0279159 	0.0242
-0.0249299 	0.0242
-0.0224416 	0.0242
-0.020368 	0.0242
-0.01864 	0.0242
-0.0172 	0.0242
-0.016 	0.0242
-0.015 	0.0242
-0.0143001 	0.0242
-0.0134 	0.0242
-0.0125 	0.0242
-0.0115001 	0.0242
-0.0105 	0.0242
-0.00950001 	0.0242
-0.0085 	0.0242
-0.0075 	0.0242
-0.00670001 	0.0242
-0.00585 	0.0242
-0.005 	0.0242
-0.004 	0.0242
-0.00299999 	0.0242
-0.00199997 	0.0242
-0.00099994 	0.0242
1.00001e-07 	0.0242
0.00100015 	0.0242
0.00200021 	0.0242
0.00300028 	0.0242
0.00400036 	0.0242
0.005 	0.0242
0.00585 	0.0242
0.00670001 	0.0242
0.0075 	0.0242
0.0085 	0.0242
0.0095001 	0.0242
0.0105003 	0.0242
0.0115006 	0.0242
0.0125 	0.0242
0.0134 	0.0242
0.0143 	0.0242
0.015 	0.0242
0.016 	0.0242
0.0172 	0.0242
0.01864 	0.0242
0.020368 	0.0242
0.0224416 	0.0242
0.0249299 	0.0242
0.0279159 	0.0242
0.0314991 	0.0242
0.035 	0.0242
0.0425 	0.0242
-0.0425 	0.02662
-0.035 	0.02662
-0.0314991 	0.02662
-0.0279159 	0.02662
-0.0249299 	0.02662
-0.0224416 	0.02662
-0.020368 	0.02662
-0.01864 	0.02662
-0.0172 	0.02662
-0.016 	0.02662
-0.015 	0.02662
-0.0143001 	0.02662
-0.0134 	0.02662
-0.0125 	0.02662
-0.0115001 	0.02662
-0.0105 	0.02662
-0.00950001 	0.02662
-0.0085 	0.02662
-0.0075 	0.02662
-0.00670001 	0.02662
-0.00585 	0.02662
-0.005 	0.02662
-0.004 	0.02662
-0.00299999 	0.02662
-0.00199997 	0.02662
-0.00099994 	0.02662
1.00001e-07 	0.02662
0.00100015 	0.02662
0.00200021 	0.02662
0.00300028 	0.02662
0.00400036 	0.02662
0.005 	0.02662
0.00585 	0.02662
0.00670001 	0.02662
0.0075 	0.02662
0.0085 	0.02662
0.0095001 	0.02662
0.0105003 	0.02662
0.0115006 	0.02662
0.0125 	0.02662
0.0134 	0.02662
0.0143 	0.02662
0.015 	0.02662
0.016 	0.02662
0.0172 	0.02662
0.01864 	0.02662
0.020368 	0.02662
0.0224416 	0.02662
0.0249299 	0.02662
0.0279159 	0.02662
0.0314991 	0.02662
0.035 	0.02662
0.0425 	0.02662
-0.0425 	0.029282
-0.035 	0.029282
-0.0314991 	0.029282
-0.0279159 	0.029282
-0.0249299 	0.029282
-0.0224416 	0.029282
-0.020368 	0.029282
-0.01864 	0.029282
-0.0172 	0.029282
-0.016 	0.029282
-0.015 	0.029282
-0.0143001 	0.029282
-0.0134 	0.029282
-0.0125 	0.029282
-0.0115001 	0.029282
-0.0105 	0.029282
-0.00950001 	0.029282
-0.0085 	0.029282
-0.0075 	0.029282
-0.00670001 	0.029282
-0.00585 	0.029282
-0.005 	0.029282
-0.004 	0.029282
-0.00299999 	0.029282
-0.00199997 	0.029282
-0.00099994 	0.029282
1.00001e-07 	0.029282
0.00100015 	0.029282
0.00200021 	0.029282
0.00300028 	0.029282
0.00400036 	0.029282
0.005 	0.029282
0.00585 	0.029282
0.00670001 	0.029282
0.0075 	0.029282
0.0085 	0.029282
0.0095001 	0.029282
0.0105003 	0.029282
0.0115006 	0.029282
0.0125 	0.029282
0.0134 	0.029282
0.0143 	0.029282
0.015 	0.029282
0.016 	0.029282
0.0172 	0.029282
0.01864 	0.029282
0.020368 	0.029282
0.0224416 	0.029282
0.0249299 	0.029282
0.0279159 	0.029282
0.0314991 	0.029282
0.035 	0.029282
0.0425 	0.029282
-0.0425 	0.0322102
-0.035 	0.0322102
-0.0314991 	0.0322102
-0.0279159 	0.0322102
-0.0249299 	0.0322102
-0.0224416 	0.0322102
-0.020368 	0.0322102
-0.01864 	0.0322102
-0.0172 	0.0322102
-0.016 	0.0322102
-0.015 	0.0322102
-0.0143001 	0.0322102
-0.0134 	0.0322102
-0.0125 	0.0322102
-0.0115001 	0.0322102
-0.0105 	0.0322102
-0.00950001 	0.0322102
-0.0085 	0.0322102
-0.0075 	0.0322102
-0.00670001 	0.0322102
-0.00585 	0.0322102
-0.005 	0.0322102
-0.004 	0.0322102
-0.00299999 	0.0322102
-0.00199997 	0.0322102
-0.00099994 	0.0322102
1.00001e-07 	0.0322102
0.00100015 	0.0322102
0.00200021 	0.0322102
0.00300028 	0.0322102
0.00400036 	0.0322102
0.005 	0.0322102
0.00585 	0.0322102
0.00670001 	0.0322102
0.0075 	0.0322102
0.0085 	0.0322102
0.0095001 	0.0322102
0.0105003 	0.0322102
0.0115006 	0.0322102
0.0125 	0.0322102
0.0134 	0.0322102
0.0143 	0.0322102
0.015 	0.0322102
0.016 	0.0322102
0.0172 	0.0322102
0.01864 	0.0322102
0.020368 	0.0322102
0.0224416 	0.0322102
0.0249299 	0.0322102
0.0279159 	0.0322102
0.0314991 	0.0322102
0.035 	0.0322102
0.0425 	0.0322102
-0.0425 	0.0354312
-0.035 	0.0354312
-0.0314991 	0.0354312
-0.0279159 	0.0354312
-0.0249299 	0.0354312
-0.0224416 	0.0354312
-0.020368 	0.0354312
-0.01864 	0.0354312
-0.0172 	0.0354312
-0.016 	0.0354312
-0.015 	0.0354312
-0.0143001 	0.0354312
-0.0134 	0.0354312
-0.0125 	0.0354312
-0.0115001 	0.0354312
-0.0105 	0.0354312
-0.00950001 	0.0354312
-0.0085 	0.0354312
-0.0075 	0.0354312
-0.00670001 	0.0354312
-0.00585 	0.0354312
-0.005 	0.0354312
-0.004 	0.0354312
-0.00299999 	0.0354312
-0.00199997 	0.0354312
-0.00099994 	0.0354312
1.00001e-07 	0.0354312
0.00100015 	0.0354312
0.00200021 	0.0354312
0.00300028 	0.0354312
0.00400036 	0.0354312
0.005 	0.0354312
0.00585 	0.0354312
0.00670001 	0.0354312
0.0075 	0.0354312
0.0085 	0.0354312
0.0095001 	0.0354312
0.0105003 	0.0354312
0.0115006 	0.0354312
0.0125 	0.0354312
0.0134 	0.0354312
0.0143 	0.0354312
0.015 	0.0354312
0.016 	0.0354312
0.0172 	0.0354312
0.01864 	0.0354312
0.020368 	0.0354312
0.0224416 	0.0354312
0.0249299 	0.0354312
0.0279159 	0.0354312
0.0314991 	0.0354312
0.035 	0.0354312
0.0425 	0.0354312
-0.0425 	0.0389743
-0.035 	0.0389743
-0.0314991 	0.0389743
-0.0279159 	0.0389743
-0.0249299 	0.0389743
-0.0224416 	0.0389743
-0.020368 	0.0389743
-0.01864 	0.0389743
-0.0172 	0.0389743
-0.016 	0.0389743
-0.015 	0.0389743
-0.0143001 	0.0389743
-0.0134 	0.0389743
-0.0125 	0.0389743
-0.0115001 	0.0389743
-0.0105 	0.0389743
-0.00950001 	0.0389743
-0.0085 	0.0389743
-0.0075 	0.0389743
-0.00670001 	0.0389743
-0.00585 	0.0389743
-0.005 	0.0389743
-0.004 	0.0389743
-0.00299999 	0.0389743
-0.00199997 	0.0389743
-0.00099994 	0.0389743
1.00001e-07 	0.0389743
0.00100015 	0.0389743
0.00200021 	0.0389743
0.00300028 	0.0389743
0.00400036 	0.0389743
0.005 	0.0389743
0.00585 	0.0389743
0.00670001 	0.0389743
0.0075 	0.0389743
0.0085 	0.0389743
0.0095001 	0.0389743
0.0105003 	0.0389743
0.0115006 	0.0389743
0.0125 	0.0389743
0.0134 	0.0389743
0.0143 	0.0389743
0.015 	0.0389743
0.016 	0.0389743
0.0172 	0.0389743
0.01864 	0.0389743
0.020368 	0.0389743
0.0224416 	0.0389743
0.0249299 	0.0389743
0.0279159 	0.0389743
0.0314991 	0.0389743
0.035 	0.0389743
0.0425 	0.0389743
-0.0425 	0.0428718
-0.035 	0.0428718
-0.0314991 	0.0428718
-0.0279159 	0.0428718
-0.0249299 	0.0428718
-0.0224416 	0.0428718
-0.020368 	0.0428718
-0.01864 	0.0428718
-0.0172 	0.0428718
-0.016 	0.0428718
-0.015 	0.0428718
-0.0143001 	0.0428718
-0.0134 	0.0428718
-0.0125 	0.0428718
-0.0115001 	0.0428718
-0.0105 	0.0428718
-0.00950001 	0.0428718
-0.0085 	0.0428718
-0.0075 	0.0428718
-0.00670001 	0.0428718
-0.00585 	0.0428718
-0.005 	0.0428718
-0.004 	0.0428718
-0.00299999 	0.0428718
-0.00199997 	0.0428718
-0.00099994 	0.0428718
1.00001e-07 	0.0428718
0.00100015 	0.0428718
0.00200021 	0.0428718
0.00300028 	0.0428718
0.00400036 	0.0428718
0.005 	0.0428718
0.00585 	0.0428718
0.00670001 	0.0428718
0.0075 	0.0428718
0.0085 	0.0428718
0.0095001 	0.0428718
0.0105003 	0.0428718
0.0115006 	0.0428718
0.0125 	0.0428718
0.0134 	0.0428718
0.0143 	0.0428718
0.015 	0.0428718
0.016 	0.0428718
0.0172 	0.0428718
0.01864 	0.0428718
0.020368 	0.0428718
0.0224416 	0.0428718
0.0249299 	0.0428718
0.0279159 	0.0428718
0.0314991 	0.0428718
0.035 	0.0428718
0.0425 	0.0428718
-0.0425 	0.047159
-0.035 	0.047159
-0.0314991 	0.047159
-0.0279159 	0.047159
-0.0249299 	0.047159
-0.0224416 	0.047159
-0.020368 	0.047159
-0.01864 	0.047159
-0.0172 	0.047159
-0.016 	0.047159
-0.015 	0.047159
-0.0143001 	0.047159
-0.0134 	0.047159
-0.0125 	0.047159
-0.0115001 	0.047159
-0.0105 	0.047159
-0.00950001 	0.047159
-0.0085 	0.047159
-0.0075 	0.047159
-0.00670001 	0.047159
-0.00585 	0.047159
-0.005 	0.047159
-0.004 	0.047159
-0.00299999 	0.047159
-0.00199997 	0.047159
-0.00099994 	0.047159
1.00001e-07 	0.047159
0.00100015 	0.047159
0.00200021 	0.047159
0.00300028 	0.047159
0.00400036 	0.047159
0.005 	0.047159
0.00585 	0.047159
0.00670001 	0.047159
0.0075 	0.047159
0.0085 	0.047159
0.0095001 	0.047159
0.0105003 	0.047159
0.0115006 	0.047159
0.0125 	0.047159
0.0134 	0.047159
0.0143 	0.047159
0.015 	0.047159
0.016 	0.047159
0.0172 	0.047159
0.01864 	0.047159
0.020368 	0.047159
0.0224416 	0.047159
0.0249299 	0.047159
0.0279159 	0.047159
0.0314991 	0.047159
0.035 	0.047159
0.0425 	0.047159
-0.0425 	0.05
-0.035 	0.05
-0.0314991 	0.05
-0.0279159 	0.05
-0.0249299 	0.05
-0.0224416 	0.05
-0.020368 	0.05
-0.01864 	0.05
-0.0172 	0.05
-0.016 	0.05
-0.015 	0.05
-0.0143001 	0.05
-0.0134 	0.05
-0.0125 	0.05
-0.0115001 	0.05
-0.0105 	0.05
-0.00950001 	0.05
-0.0085 	0.05
-0.0075 	0.05
-0.00670001 	0.05
-0.00585 	0.05
-0.005 	0.05
-0.004 	0.05
-0.00299999 	0.05
-0.00199997 	0.05
-0.00099994 	0.05
1.00001e-07 	0.05
0.00100015 	0.05
0.00200021 	0.05
0.00300028 	0.05
0.00400036 	0.05
0.005 	0.05
0.00585 	0.05
0.00670001 	0.05
0.0075 	0.05
0.0085 	0.05
0.0095001 	0.05
0.0105003 	0.05
0.0115006 	0.05
0.0125 	0.05
0.0134 	0.05
0.0143 	0.05
0.015 	0.05
0.016 	0.05
0.0172 	0.05
0.01864 	0.05
0.020368 	0.05
0.0224416 	0.05
0.0249299 	0.05
0.0279159 	0.05
0.0314991 	0.05
0.035 	0.05
0.0425 	0.05
-0.0425 	0.0575
-0.035 	0.0575
-0.0314991 	0.0575
-0.0279159 	0.0575
-0.0249299 	0.0575
-0.0224416 	0.0575
-0.020368 	0.0575
-0.01864 	0.0575
-0.0172 	0.0575
-0.016 	0.0575
-0.015 	0.0575
-0.0143001 	0.0575
-0.0134 	0.0575
-0.0125 	0.0575
-0.0115001 	0.0575
-0.0105 	0.0575
-0.00950001 	0.0575
-0.0085 	0.0575
-0.0075 	0.0575
-0.00670001 	0.0575
-0.00585 	0.0575
-0.005 	0.0575
-0.004 	0.0575
-0.00299999 	0.0575
-0.00199997 	0.0575
-0.00099994 	0.0575
1.00001e-07 	0.0575
0.00100015 	0.0575
0.00200021 	0.0575
0.00300028 	0.0575
0.00400036 	0.0575
0.005 	0.0575
0.00585 	0.0575
0.00670001 	0.0575
0.0075 	0.0575
0.0085 	0.0575
0.0095001 	0.0575
0.0105003 	0.0575
0.0115006 	0.0575
0.0125 	0.0575
0.0134 	0.0575
0.0143 	0.0575
0.015 	0.0575
0.016 	0.0575
0.0172 	0.0575
0.01864 	0.0575
0.020368 	0.0575
0.0224416 	0.0575
0.0249299 	0.0575
0.0279159 	0.0575
0.0314991 	0.0575
0.035 	0.0575
0.0425 	0.0575
