-0.0425 	0 	0
-0.035 	0 	7.52237e-08
-0.0314991 	0 	3.56292e-05
-0.0279159 	0 	7.20991e-05
-0.0249299 	0 	0.000102495
-0.0224416 	0 	0.000127653
-0.020368 	0 	0.000148282
-0.01864 	0 	0.000165036
-0.0172 	0 	0.000178527
-0.016 	0 	0.000189314
-0.015 	0 	0.000197893
-0.0143001 	0 	0.000197784
-0.0134 	0 	0.000197303
-0.0125 	0 	0.000196419
-0.0115001 	0 	0.000194918
-0.0105 	0 	0.00019278
-0.00950001 	0 	0.000189855
-0.0085 	0 	0.000185869
-0.0075 	0 	0.000180306
-0.00670001 	0 	0.000174012
-0.00585 	0 	0.000163838
-0.005 	0 	0.000147409
-0.004 	0 	0.000120073
-0.00299999 	0 	8.99797e-05
-0.00199997 	0 	5.9975e-05
-0.00099994 	0 	2.99927e-05
1.00001e-07 	0 	-2.93e-09
0.00100015 	0 	-2.99988e-05
0.00200021 	0 	-5.99821e-05
0.00300028 	0 	-8.99882e-05
0.00400036 	0 	-0.000120084
0.005 	0 	-0.000147409
0.00585 	0 	-0.000163838
0.00670001 	0 	-0.000174012
0.0075 	0 	-0.000180306
0.0085 	0 	-0.000185869
0.0095001 	0 	-0.000189855
0.0105003 	0 	-0.000192781
0.0115006 	0 	-0.000194919
0.0125 	0 	-0.00019642
0.0134 	0 	-0.000197303
0.0143 	0 	-0.000197784
0.015 	0 	-0.000197893
0.016 	0 	-0.000189315
0.0172 	0 	-0.000178527
0.01864 	0 	-0.000165036
0.020368 	0 	-0.000148282
0.0224416 	0 	-0.000127653
0.0249299 	0 	-0.000102495
0.0279159 	0 	-7.20991e-05
0.0314991 	0 	-3.56292e-05
0.035 	0 	-7.52237e-08
0.0425 	0 	0
-0.0425 	0.0005 	0
-0.035 	0.0005 	7.52177e-08
-0.0314991 	0.0005 	3.56281e-05
-0.0279159 	0.0005 	7.20987e-05
-0.0249299 	0.0005 	0.000102498
-0.0224416 	0.0005 	0.000127661
-0.020368 	0.0005 	0.000148298
-0.01864 	0.0005 	0.000165062
-0.0172 	0.0005 	0.000178563
-0.016 	0.0005 	0.000189361
-0.015 	0.0005 	0.000197951
-0.0143001 	0.0005 	0.000197843
-0.0134 	0.0005 	0.000197365
-0.0125 	0.0005 	0.000196487
-0.0115001 	0.0005 	0.000194996
-0.0105 	0.0005 	0.000192876
-0.00950001 	0.0005 	0.000189981
-0.0085 	0.0005 	0.000186054
-0.0075 	0.0005 	0.000180608
-0.00670001 	0.0005 	0.000174535
-0.00585 	0.0005 	0.000165002
-0.005 	0.0005 	0.000148852
-0.004 	0.0005 	0.00012017
-0.00299999 	0.0005 	8.99195e-05
-0.00199997 	0.0005 	5.9993e-05
-0.00099994 	0.0005 	2.9989e-05
1.00001e-07 	0.0005 	-2.92996e-09
0.00100015 	0.0005 	-2.99952e-05
0.00200021 	0.0005 	-6e-05
0.00300028 	0.0005 	-8.9928e-05
0.00400036 	0.0005 	-0.000120181
0.005 	0.0005 	-0.000148852
0.00585 	0.0005 	-0.000165002
0.00670001 	0.0005 	-0.000174535
0.0075 	0.0005 	-0.000180608
0.0085 	0.0005 	-0.000186054
0.0095001 	0.0005 	-0.000189982
0.0105003 	0.0005 	-0.000192877
0.0115006 	0.0005 	-0.000194997
0.0125 	0.0005 	-0.000196487
0.0134 	0.0005 	-0.000197365
0.0143 	0.0005 	-0.000197843
0.015 	0.0005 	-0.000197951
0.016 	0.0005 	-0.000189361
0.0172 	0.0005 	-0.000178563
0.01864 	0.0005 	-0.000165062
0.020368 	0.0005 	-0.000148298
0.0224416 	0.0005 	-0.000127661
0.0249299 	0.0005 	-0.000102498
0.0279159 	0.0005 	-7.20987e-05
0.0314991 	0.0005 	-3.56281e-05
0.035 	0.0005 	-7.52177e-08
0.0425 	0.0005 	0
-0.0425 	0.001 	0
-0.035 	0.001 	7.51995e-08
-0.0314991 	0.001 	3.56248e-05
-0.0279159 	0.001 	7.20972e-05
-0.0249299 	0.001 	0.000102507
-0.0224416 	0.001 	0.000127687
-0.020368 	0.001 	0.000148348
-0.01864 	0.001 	0.000165139
-0.0172 	0.001 	0.000178671
-0.016 	0.001 	0.000189502
-0.015 	0.001 	0.000198124
-0.0143001 	0.001 	0.000198018
-0.0134 	0.001 	0.000197549
-0.0125 	0.001 	0.000196687
-0.0115001 	0.001 	0.000195228
-0.0105 	0.001 	0.000193161
-0.00950001 	0.001 	0.000190356
-0.0085 	0.001 	0.000186593
-0.0075 	0.001 	0.000181495
-0.00670001 	0.001 	0.000175953
-0.00585 	0.001 	0.000168241
-0.005 	0.001 	0.000154501
-0.004 	0.001 	0.000119367
-0.00299999 	0.001 	9.00562e-05
-0.00199997 	0.001 	5.99704e-05
-0.00099994 	0.001 	2.99946e-05
1.00001e-07 	0.001 	-2.93017e-09
0.00100015 	0.001 	-3.00008e-05
0.00200021 	0.001 	-5.99774e-05
0.00300028 	0.001 	-9.00647e-05
0.00400036 	0.001 	-0.000119378
0.005 	0.001 	-0.000154502
0.00585 	0.001 	-0.000168241
0.00670001 	0.001 	-0.000175953
0.0075 	0.001 	-0.000181495
0.0085 	0.001 	-0.000186593
0.0095001 	0.001 	-0.000190357
0.0105003 	0.001 	-0.000193161
0.0115006 	0.001 	-0.000195228
0.0125 	0.001 	-0.000196687
0.0134 	0.001 	-0.000197549
0.0143 	0.001 	-0.000198018
0.015 	0.001 	-0.000198124
0.016 	0.001 	-0.000189502
0.0172 	0.001 	-0.000178671
0.01864 	0.001 	-0.000165139
0.020368 	0.001 	-0.000148348
0.0224416 	0.001 	-0.000127687
0.0249299 	0.001 	-0.000102507
0.0279159 	0.001 	-7.20972e-05
0.0314991 	0.001 	-3.56248e-05
0.035 	0.001 	-7.51995e-08
0.0425 	0.001 	0
-0.0425 	0.0015 	0
-0.035 	0.0015 	7.51691e-08
-0.0314991 	0.0015 	3.56193e-05
-0.0279159 	0.0015 	7.20946e-05
-0.0249299 	0.0015 	0.00010252
-0.0224416 	0.0015 	0.00012773
-0.020368 	0.0015 	0.00014843
-0.01864 	0.0015 	0.000165267
-0.0172 	0.0015 	0.00017885
-0.016 	0.0015 	0.000189734
-0.015 	0.0015 	0.000198411
-0.0143001 	0.0015 	0.000198309
-0.0134 	0.0015 	0.000197853
-0.0125 	0.0015 	0.000197018
-0.0115001 	0.0015 	0.000195609
-0.0105 	0.0015 	0.000193626
-0.00950001 	0.0015 	0.000190962
-0.0085 	0.0015 	0.000187455
-0.0075 	0.0015 	0.000182847
-0.00670001 	0.0015 	0.000178204
-0.00585 	0.0015 	0.00017188
-0.005 	0.0015 	0.000167635
-0.004 	0.0015 	0.000127109
-0.00299999 	0.0015 	9.42534e-05
-0.00199997 	0.0015 	6.25637e-05
-0.00099994 	0.0015 	3.12084e-05
1.00001e-07 	0.0015 	-3.05896e-09
0.00100015 	0.0015 	-3.12149e-05
0.00200021 	0.0015 	-6.25712e-05
0.00300028 	0.0015 	-9.42626e-05
0.00400036 	0.0015 	-0.000127122
0.005 	0.0015 	-0.000167635
0.00585 	0.0015 	-0.00017188
0.00670001 	0.0015 	-0.000178204
0.0075 	0.0015 	-0.000182847
0.0085 	0.0015 	-0.000187455
0.0095001 	0.0015 	-0.000190963
0.0105003 	0.0015 	-0.000193626
0.0115006 	0.0015 	-0.00019561
0.0125 	0.0015 	-0.000197018
0.0134 	0.0015 	-0.000197853
0.0143 	0.0015 	-0.000198309
0.015 	0.0015 	-0.000198411
0.016 	0.0015 	-0.000189734
0.0172 	0.0015 	-0.00017885
0.01864 	0.0015 	-0.000165267
0.020368 	0.0015 	-0.00014843
0.0224416 	0.0015 	-0.00012773
0.0249299 	0.0015 	-0.00010252
0.0279159 	0.0015 	-7.20946e-05
0.0314991 	0.0015 	-3.56193e-05
0.035 	0.0015 	-7.51691e-08
0.0425 	0.0015 	0
-0.0425 	0.002025 	0
-0.035 	0.002025 	7.51237e-08
-0.0314991 	0.002025 	3.56108e-05
-0.0279159 	0.002025 	7.20901e-05
-0.0249299 	0.002025 	0.00010254
-0.0224416 	0.002025 	0.000127792
-0.020368 	0.002025 	0.00014855
-0.01864 	0.002025 	0.000165455
-0.0172 	0.002025 	0.000179112
-0.016 	0.002025 	0.000190074
-0.015 	0.002025 	0.000198831
-0.0143001 	0.002025 	0.000198733
-0.0134 	0.002025 	0.000198297
-0.0125 	0.002025 	0.0001975
-0.0115001 	0.002025 	0.000196161
-0.0105 	0.002025 	0.000194293
-0.00950001 	0.002025 	0.000191822
-0.0085 	0.002025 	0.000188644
-0.0075 	0.002025 	0.000184666
-0.00670001 	0.002025 	0.000180887
-0.00585 	0.002025 	0.000176831
-0.005 	0.002025 	0.000174875
-0.004 	0.002025 	0.000134091
-0.00299999 	0.002025 	9.85655e-05
-0.00199997 	0.002025 	6.51734e-05
-0.00099994 	0.002025 	3.24561e-05
1.00001e-07 	0.002025 	-3.19103e-09
0.00100015 	0.002025 	-3.24628e-05
0.00200021 	0.002025 	-6.51812e-05
0.00300028 	0.002025 	-9.85753e-05
0.00400036 	0.002025 	-0.000134105
0.005 	0.002025 	-0.000174875
0.00585 	0.002025 	-0.000176831
0.00670001 	0.002025 	-0.000180887
0.0075 	0.002025 	-0.000184666
0.0085 	0.002025 	-0.000188644
0.0095001 	0.002025 	-0.000191822
0.0105003 	0.002025 	-0.000194294
0.0115006 	0.002025 	-0.000196162
0.0125 	0.002025 	-0.0001975
0.0134 	0.002025 	-0.000198297
0.0143 	0.002025 	-0.000198733
0.015 	0.002025 	-0.000198831
0.016 	0.002025 	-0.000190074
0.0172 	0.002025 	-0.000179112
0.01864 	0.002025 	-0.000165455
0.020368 	0.002025 	-0.00014855
0.0224416 	0.002025 	-0.000127792
0.0249299 	0.002025 	-0.00010254
0.0279159 	0.002025 	-7.20901e-05
0.0314991 	0.002025 	-3.56108e-05
0.035 	0.002025 	-7.51237e-08
0.0425 	0.002025 	0
-0.0425 	0.00257625 	0
-0.035 	0.00257625 	7.50608e-08
-0.0314991 	0.00257625 	3.55988e-05
-0.0279159 	0.00257625 	7.20828e-05
-0.0249299 	0.00257625 	0.000102565
-0.0224416 	0.00257625 	0.000127875
-0.020368 	0.00257625 	0.000148711
-0.01864 	0.00257625 	0.000165708
-0.0172 	0.00257625 	0.000179466
-0.016 	0.00257625 	0.000190533
-0.015 	0.00257625 	0.000199398
-0.0143001 	0.00257625 	0.000199305
-0.0134 	0.00257625 	0.000198894
-0.0125 	0.00257625 	0.000198146
-0.0115001 	0.00257625 	0.000196896
-0.0105 	0.00257625 	0.000195172
-0.00950001 	0.00257625 	0.000192931
-0.0085 	0.00257625 	0.000190137
-0.0075 	0.00257625 	0.000186817
-0.00670001 	0.00257625 	0.000183948
-0.00585 	0.00257625 	0.00018131
-0.005 	0.00257625 	0.000180193
-0.004 	0.00257625 	0.000139718
-0.00299999 	0.00257625 	0.000102687
-0.00199997 	0.00257625 	6.77391e-05
-0.00099994 	0.00257625 	3.36967e-05
1.00001e-07 	0.00257625 	-3.32283e-09
0.00100015 	0.00257625 	-3.37037e-05
0.00200021 	0.00257625 	-6.77472e-05
0.00300028 	0.00257625 	-0.000102697
0.00400036 	0.00257625 	-0.000139732
0.005 	0.00257625 	-0.000180193
0.00585 	0.00257625 	-0.00018131
0.00670001 	0.00257625 	-0.000183948
0.0075 	0.00257625 	-0.000186817
0.0085 	0.00257625 	-0.000190137
0.0095001 	0.00257625 	-0.000192931
0.0105003 	0.00257625 	-0.000195172
0.0115006 	0.00257625 	-0.000196896
0.0125 	0.00257625 	-0.000198146
0.0134 	0.00257625 	-0.000198894
0.0143 	0.00257625 	-0.000199305
0.015 	0.00257625 	-0.000199398
0.016 	0.00257625 	-0.000190533
0.0172 	0.00257625 	-0.000179466
0.01864 	0.00257625 	-0.000165708
0.020368 	0.00257625 	-0.000148711
0.0224416 	0.00257625 	-0.000127875
0.0249299 	0.00257625 	-0.000102565
0.0279159 	0.00257625 	-7.20829e-05
0.0314991 	0.00257625 	-3.55988e-05
0.035 	0.00257625 	-7.50609e-08
0.0425 	0.00257625 	0
-0.0425 	0.00315506 	0
-0.035 	0.00315506 	7.49776e-08
-0.0314991 	0.00315506 	3.55822e-05
-0.0279159 	0.00315506 	7.20715e-05
-0.0249299 	0.00315506 	0.000102594
-0.0224416 	0.00315506 	0.00012798
-0.020368 	0.00315506 	0.000148916
-0.01864 	0.00315506 	0.000166033
-0.0172 	0.00315506 	0.00017992
-0.016 	0.00315506 	0.000191122
-0.015 	0.00315506 	0.000200123
-0.0143001 	0.00315506 	0.000200038
-0.0134 	0.00315506 	0.000199657
-0.0125 	0.00315506 	0.000198966
-0.0115001 	0.00315506 	0.000197821
-0.0105 	0.00315506 	0.000196263
-0.00950001 	0.00315506 	0.000194279
-0.0085 	0.00315506 	0.000191888
-0.0075 	0.00315506 	0.000189204
-0.00670001 	0.00315506 	0.000187074
-0.00585 	0.00315506 	0.00018529
-0.005 	0.00315506 	0.000184577
-0.004 	0.00315506 	0.000144341
-0.00299999 	0.00315506 	0.000106403
-0.00199997 	0.00315506 	7.01832e-05
-0.00099994 	0.00315506 	3.48968e-05
1.00001e-07 	0.00315506 	-3.45074e-09
0.00100015 	0.00315506 	-3.4904e-05
0.00200021 	0.00315506 	-7.01917e-05
0.00300028 	0.00315506 	-0.000106414
0.00400036 	0.00315506 	-0.000144355
0.005 	0.00315506 	-0.000184577
0.00585 	0.00315506 	-0.00018529
0.00670001 	0.00315506 	-0.000187074
0.0075 	0.00315506 	-0.000189204
0.0085 	0.00315506 	-0.000191888
0.0095001 	0.00315506 	-0.000194279
0.0105003 	0.00315506 	-0.000196263
0.0115006 	0.00315506 	-0.000197822
0.0125 	0.00315506 	-0.000198966
0.0134 	0.00315506 	-0.000199657
0.0143 	0.00315506 	-0.000200038
0.015 	0.00315506 	-0.000200123
0.016 	0.00315506 	-0.000191122
0.0172 	0.00315506 	-0.00017992
0.01864 	0.00315506 	-0.000166033
0.020368 	0.00315506 	-0.000148916
0.0224416 	0.00315506 	-0.00012798
0.0249299 	0.00315506 	-0.000102594
0.0279159 	0.00315506 	-7.20715e-05
0.0314991 	0.00315506 	-3.55822e-05
0.035 	0.00315506 	-7.49776e-08
0.0425 	0.00315506 	0
-0.0425 	0.00376282 	0
-0.035 	0.00376282 	7.48703e-08
-0.0314991 	0.00376282 	3.55598e-05
-0.0279159 	0.00376282 	7.20542e-05
-0.0249299 	0.00376282 	0.000102627
-0.0224416 	0.00376282 	0.000128105
-0.020368 	0.00376282 	0.000149168
-0.01864 	0.00376282 	0.000166433
-0.0172 	0.00376282 	0.000180482
-0.016 	0.00376282 	0.000191851
-0.015 	0.00376282 	0.000201019
-0.0143001 	0.00376282 	0.000200942
-0.0134 	0.00376282 	0.000200596
-0.0125 	0.00376282 	0.00019997
-0.0115001 	0.00376282 	0.000198942
-0.0105 	0.00376282 	0.000197562
-0.00950001 	0.00376282 	0.000195846
-0.0085 	0.00376282 	0.00019385
-0.0075 	0.00376282 	0.000191725
-0.00670001 	0.00376282 	0.000190145
-0.00585 	0.00376282 	0.000188898
-0.005 	0.00376282 	0.000188412
-0.004 	0.00376282 	0.000148265
-0.00299999 	0.00376282 	0.00010969
-0.00199997 	0.00376282 	7.24417e-05
-0.00099994 	0.00376282 	3.60292e-05
1.00001e-07 	0.00376282 	-3.57185e-09
0.00100015 	0.00376282 	-3.60367e-05
0.00200021 	0.00376282 	-7.24505e-05
0.00300028 	0.00376282 	-0.000109701
0.00400036 	0.00376282 	-0.000148279
0.005 	0.00376282 	-0.000188412
0.00585 	0.00376282 	-0.000188898
0.00670001 	0.00376282 	-0.000190145
0.0075 	0.00376282 	-0.000191725
0.0085 	0.00376282 	-0.00019385
0.0095001 	0.00376282 	-0.000195847
0.0105003 	0.00376282 	-0.000197563
0.0115006 	0.00376282 	-0.000198943
0.0125 	0.00376282 	-0.00019997
0.0134 	0.00376282 	-0.000200596
0.0143 	0.00376282 	-0.000200942
0.015 	0.00376282 	-0.000201019
0.016 	0.00376282 	-0.000191851
0.0172 	0.00376282 	-0.000180482
0.01864 	0.00376282 	-0.000166433
0.020368 	0.00376282 	-0.000149168
0.0224416 	0.00376282 	-0.000128105
0.0249299 	0.00376282 	-0.000102627
0.0279159 	0.00376282 	-7.20542e-05
0.0314991 	0.00376282 	-3.55598e-05
0.035 	0.00376282 	-7.48703e-08
0.0425 	0.00376282 	0
-0.0425 	0.00440096 	0
-0.035 	0.00440096 	7.47348e-08
-0.0314991 	0.00440096 	3.553e-05
-0.0279159 	0.00440096 	7.20281e-05
-0.0249299 	0.00440096 	0.00010266
-0.0224416 	0.00440096 	0.000128251
-0.020368 	0.00440096 	0.000149467
-0.01864 	0.00440096 	0.000166913
-0.0172 	0.00440096 	0.000181158
-0.016 	0.00440096 	0.000192728
-0.015 	0.00440096 	0.000202095
-0.0143001 	0.00440096 	0.000202027
-0.0134 	0.00440096 	0.000201719
-0.0125 	0.00440096 	0.000201163
-0.0115001 	0.00440096 	0.000200259
-0.0105 	0.00440096 	0.000199064
-0.00950001 	0.00440096 	0.000197611
-0.0085 	0.00440096 	0.000195976
-0.0075 	0.00440096 	0.000194314
-0.00670001 	0.00440096 	0.000193137
-0.00585 	0.00440096 	0.000192241
-0.005 	0.00440096 	0.000191894
-0.004 	0.00440096 	0.000151697
-0.00299999 	0.00440096 	0.000112597
-0.00199997 	0.00440096 	7.44917e-05
-0.00099994 	0.00440096 	3.70756e-05
1.00001e-07 	0.00440096 	-3.68408e-09
0.00100015 	0.00440096 	-3.70834e-05
0.00200021 	0.00440096 	-7.45007e-05
0.00300028 	0.00440096 	-0.000112608
0.00400036 	0.00440096 	-0.000151711
0.005 	0.00440096 	-0.000191894
0.00585 	0.00440096 	-0.000192241
0.00670001 	0.00440096 	-0.000193137
0.0075 	0.00440096 	-0.000194314
0.0085 	0.00440096 	-0.000195976
0.0095001 	0.00440096 	-0.000197611
0.0105003 	0.00440096 	-0.000199064
0.0115006 	0.00440096 	-0.00020026
0.0125 	0.00440096 	-0.000201163
0.0134 	0.00440096 	-0.000201719
0.0143 	0.00440096 	-0.000202027
0.015 	0.00440096 	-0.000202095
0.016 	0.00440096 	-0.000192728
0.0172 	0.00440096 	-0.000181158
0.01864 	0.00440096 	-0.000166913
0.020368 	0.00440096 	-0.000149467
0.0224416 	0.00440096 	-0.000128251
0.0249299 	0.00440096 	-0.00010266
0.0279159 	0.00440096 	-7.20281e-05
0.0314991 	0.00440096 	-3.553e-05
0.035 	0.00440096 	-7.47348e-08
0.0425 	0.00440096 	0
-0.0425 	0.005071 	0
-0.035 	0.005071 	7.45657e-08
-0.0314991 	0.005071 	3.54907e-05
-0.0279159 	0.005071 	7.19893e-05
-0.0249299 	0.005071 	0.00010269
-0.0224416 	0.005071 	0.000128412
-0.020368 	0.005071 	0.000149812
-0.01864 	0.005071 	0.000167474
-0.0172 	0.005071 	0.000181951
-0.016 	0.005071 	0.000193758
-0.015 	0.005071 	0.000203358
-0.0143001 	0.005071 	0.000203299
-0.0134 	0.005071 	0.000203031
-0.0125 	0.005071 	0.000202549
-0.0115001 	0.005071 	0.000201771
-0.0105 	0.005071 	0.000200757
-0.00950001 	0.005071 	0.00019955
-0.0085 	0.005071 	0.000198233
-0.0075 	0.005071 	0.000196941
-0.00670001 	0.005071 	0.000196057
-0.00585 	0.005071 	0.0001954
-0.005 	0.005071 	0.000195143
-0.004 	0.005071 	0.000154781
-0.00299999 	0.005071 	0.000115194
-0.00199997 	0.005071 	7.63419e-05
-0.00099994 	0.005071 	3.80302e-05
1.00001e-07 	0.005071 	-3.78657e-09
0.00100015 	0.005071 	-3.80382e-05
0.00200021 	0.005071 	-7.63512e-05
0.00300028 	0.005071 	-0.000115205
0.00400036 	0.005071 	-0.000154795
0.005 	0.005071 	-0.000195143
0.00585 	0.005071 	-0.0001954
0.00670001 	0.005071 	-0.000196057
0.0075 	0.005071 	-0.000196941
0.0085 	0.005071 	-0.000198233
0.0095001 	0.005071 	-0.000199551
0.0105003 	0.005071 	-0.000200757
0.0115006 	0.005071 	-0.000201771
0.0125 	0.005071 	-0.000202549
0.0134 	0.005071 	-0.000203031
0.0143 	0.005071 	-0.000203299
0.015 	0.005071 	-0.000203358
0.016 	0.005071 	-0.000193758
0.0172 	0.005071 	-0.000181951
0.01864 	0.005071 	-0.000167474
0.020368 	0.005071 	-0.000149812
0.0224416 	0.005071 	-0.000128412
0.0249299 	0.005071 	-0.00010269
0.0279159 	0.005071 	-7.19893e-05
0.0314991 	0.005071 	-3.54907e-05
0.035 	0.005071 	-7.45657e-08
0.0425 	0.005071 	0
-0.0425 	0.00577455 	0
-0.035 	0.00577455 	7.43569e-08
-0.0314991 	0.00577455 	3.54391e-05
-0.0279159 	0.00577455 	7.19328e-05
-0.0249299 	0.00577455 	0.000102709
-0.0224416 	0.00577455 	0.000128585
-0.020368 	0.00577455 	0.000150198
-0.01864 	0.00577455 	0.000168114
-0.0172 	0.00577455 	0.000182864
-0.016 	0.00577455 	0.000194946
-0.015 	0.00577455 	0.000204814
-0.0143001 	0.00577455 	0.000204765
-0.0134 	0.00577455 	0.000204537
-0.0125 	0.00577455 	0.000204129
-0.0115001 	0.00577455 	0.000203474
-0.0105 	0.00577455 	0.000202632
-0.00950001 	0.00577455 	0.000201647
-0.0085 	0.00577455 	0.000200598
-0.0075 	0.00577455 	0.000199597
-0.00670001 	0.00577455 	0.000198928
-0.00585 	0.00577455 	0.000198437
-0.005 	0.00577455 	0.000198241
-0.004 	0.00577455 	0.000157617
-0.00299999 	0.00577455 	0.000117549
-0.00199997 	0.00577455 	7.80181e-05
-0.00099994 	0.00577455 	3.88982e-05
1.00001e-07 	0.00577455 	-3.8796e-09
0.00100015 	0.00577455 	-3.89064e-05
0.00200021 	0.00577455 	-7.80276e-05
0.00300028 	0.00577455 	-0.00011756
0.00400036 	0.00577455 	-0.000157632
0.005 	0.00577455 	-0.000198241
0.00585 	0.00577455 	-0.000198437
0.00670001 	0.00577455 	-0.000198928
0.0075 	0.00577455 	-0.000199597
0.0085 	0.00577455 	-0.000200598
0.0095001 	0.00577455 	-0.000201647
0.0105003 	0.00577455 	-0.000202632
0.0115006 	0.00577455 	-0.000203475
0.0125 	0.00577455 	-0.000204129
0.0134 	0.00577455 	-0.000204537
0.0143 	0.00577455 	-0.000204765
0.015 	0.00577455 	-0.000204814
0.016 	0.00577455 	-0.000194946
0.0172 	0.00577455 	-0.000182864
0.01864 	0.00577455 	-0.000168114
0.020368 	0.00577455 	-0.000150198
0.0224416 	0.00577455 	-0.000128585
0.0249299 	0.00577455 	-0.000102709
0.0279159 	0.00577455 	-7.19328e-05
0.0314991 	0.00577455 	-3.54391e-05
0.035 	0.00577455 	-7.43569e-08
0.0425 	0.00577455 	0
-0.0425 	0.00651328 	0
-0.035 	0.00651328 	7.41007e-08
-0.0314991 	0.00651328 	3.53716e-05
-0.0279159 	0.00651328 	7.18517e-05
-0.0249299 	0.00651328 	0.00010271
-0.0224416 	0.00651328 	0.00012876
-0.020368 	0.00651328 	0.000150619
-0.01864 	0.00651328 	0.000168828
-0.0172 	0.00651328 	0.000183893
-0.016 	0.00651328 	0.000196292
-0.015 	0.00651328 	0.000206465
-0.0143001 	0.00651328 	0.000206425
-0.0134 	0.00651328 	0.000206238
-0.0125 	0.00651328 	0.000205902
-0.0115001 	0.00651328 	0.000205365
-0.0105 	0.00651328 	0.00020468
-0.00950001 	0.00651328 	0.000203889
-0.0085 	0.00651328 	0.00020306
-0.0075 	0.00651328 	0.000202284
-0.00670001 	0.00651328 	0.000201772
-0.00585 	0.00651328 	0.000201399
-0.005 	0.00651328 	0.000201245
-0.004 	0.00651328 	0.000160281
-0.00299999 	0.00651328 	0.00011972
-0.00199997 	0.00651328 	7.9552e-05
-0.00099994 	0.00651328 	3.96911e-05
1.00001e-07 	0.00651328 	-3.96416e-09
0.00100015 	0.00651328 	-3.96995e-05
0.00200021 	0.00651328 	-7.95616e-05
0.00300028 	0.00651328 	-0.000119731
0.00400036 	0.00651328 	-0.000160296
0.005 	0.00651328 	-0.000201245
0.00585 	0.00651328 	-0.000201399
0.00670001 	0.00651328 	-0.000201772
0.0075 	0.00651328 	-0.000202284
0.0085 	0.00651328 	-0.00020306
0.0095001 	0.00651328 	-0.000203889
0.0105003 	0.00651328 	-0.00020468
0.0115006 	0.00651328 	-0.000205365
0.0125 	0.00651328 	-0.000205902
0.0134 	0.00651328 	-0.000206238
0.0143 	0.00651328 	-0.000206425
0.015 	0.00651328 	-0.000206465
0.016 	0.00651328 	-0.000196292
0.0172 	0.00651328 	-0.000183893
0.01864 	0.00651328 	-0.000168828
0.020368 	0.00651328 	-0.000150619
0.0224416 	0.00651328 	-0.00012876
0.0249299 	0.00651328 	-0.00010271
0.0279159 	0.00651328 	-7.18517e-05
0.0314991 	0.00651328 	-3.53716e-05
0.035 	0.00651328 	-7.41007e-08
0.0425 	0.00651328 	0
-0.0425 	0.00728895 	0
-0.035 	0.00728895 	7.37881e-08
-0.0314991 	0.00728895 	3.52836e-05
-0.0279159 	0.00728895 	7.17367e-05
-0.0249299 	0.00728895 	0.000102679
-0.0224416 	0.00728895 	0.000128922
-0.020368 	0.00728895 	0.000151061
-0.01864 	0.00728895 	0.000169605
-0.0172 	0.00728895 	0.000185031
-0.016 	0.00728895 	0.000197792
-0.015 	0.00728895 	0.000208309
-0.0143001 	0.00728895 	0.00020828
-0.0134 	0.00728895 	0.000208133
-0.0125 	0.00728895 	0.000207867
-0.0115001 	0.00728895 	0.00020744
-0.0105 	0.00728895 	0.000206895
-0.00950001 	0.00728895 	0.000206269
-0.0085 	0.00728895 	0.000205617
-0.0075 	0.00728895 	0.000205011
-0.00670001 	0.00728895 	0.000204614
-0.00585 	0.00728895 	0.000204323
-0.005 	0.00728895 	0.000204199
-0.004 	0.00728895 	0.000162829
-0.00299999 	0.00728895 	0.000121756
-0.00199997 	0.00728895 	8.09748e-05
-0.00099994 	0.00728895 	4.04228e-05
1.00001e-07 	0.00728895 	-4.04161e-09
0.00100015 	0.00728895 	-4.04313e-05
0.00200021 	0.00728895 	-8.09846e-05
0.00300028 	0.00728895 	-0.000121768
0.00400036 	0.00728895 	-0.000162844
0.005 	0.00728895 	-0.000204199
0.00585 	0.00728895 	-0.000204323
0.00670001 	0.00728895 	-0.000204614
0.0075 	0.00728895 	-0.000205011
0.0085 	0.00728895 	-0.000205617
0.0095001 	0.00728895 	-0.000206269
0.0105003 	0.00728895 	-0.000206895
0.0115006 	0.00728895 	-0.00020744
0.0125 	0.00728895 	-0.000207867
0.0134 	0.00728895 	-0.000208133
0.0143 	0.00728895 	-0.00020828
0.015 	0.00728895 	-0.000208309
0.016 	0.00728895 	-0.000197792
0.0172 	0.00728895 	-0.000185031
0.01864 	0.00728895 	-0.000169605
0.020368 	0.00728895 	-0.000151061
0.0224416 	0.00728895 	-0.000128922
0.0249299 	0.00728895 	-0.000102679
0.0279159 	0.00728895 	-7.17367e-05
0.0314991 	0.00728895 	-3.52836e-05
0.035 	0.00728895 	-7.37881e-08
0.0425 	0.00728895 	0
-0.0425 	0.00810339 	0
-0.035 	0.00810339 	7.34082e-08
-0.0314991 	0.00810339 	3.51694e-05
-0.0279159 	0.00810339 	7.15761e-05
-0.0249299 	0.00810339 	0.000102602
-0.0224416 	0.00810339 	0.000129054
-0.020368 	0.00810339 	0.000151505
-0.01864 	0.00810339 	0.000170429
-0.0172 	0.00810339 	0.000186265
-0.016 	0.00810339 	0.000199437
-0.015 	0.00810339 	0.000210344
-0.0143001 	0.00810339 	0.000210324
-0.0134 	0.00810339 	0.000210218
-0.0125 	0.00810339 	0.000210021
-0.0115001 	0.00810339 	0.000209698
-0.0105 	0.00810339 	0.000209278
-0.00950001 	0.00810339 	0.000208788
-0.0085 	0.00810339 	0.000208273
-0.0075 	0.00810339 	0.000207792
-0.00670001 	0.00810339 	0.000207474
-0.00585 	0.00810339 	0.00020724
-0.005 	0.00810339 	0.000207135
-0.004 	0.00810339 	0.000165301
-0.00299999 	0.00810339 	0.000123695
-0.00199997 	0.00810339 	8.23132e-05
-0.00099994 	0.00810339 	4.11065e-05
1.00001e-07 	0.00810339 	-4.11327e-09
0.00100015 	0.00810339 	-4.11151e-05
0.00200021 	0.00810339 	-8.23231e-05
0.00300028 	0.00810339 	-0.000123708
0.00400036 	0.00810339 	-0.000165316
0.005 	0.00810339 	-0.000207135
0.00585 	0.00810339 	-0.00020724
0.00670001 	0.00810339 	-0.000207474
0.0075 	0.00810339 	-0.000207792
0.0085 	0.00810339 	-0.000208273
0.0095001 	0.00810339 	-0.000208788
0.0105003 	0.00810339 	-0.000209278
0.0115006 	0.00810339 	-0.000209698
0.0125 	0.00810339 	-0.000210021
0.0134 	0.00810339 	-0.000210218
0.0143 	0.00810339 	-0.000210324
0.015 	0.00810339 	-0.000210344
0.016 	0.00810339 	-0.000199437
0.0172 	0.00810339 	-0.000186265
0.01864 	0.00810339 	-0.000170429
0.020368 	0.00810339 	-0.000151505
0.0224416 	0.00810339 	-0.000129054
0.0249299 	0.00810339 	-0.000102602
0.0279159 	0.00810339 	-7.15761e-05
0.0314991 	0.00810339 	-3.51694e-05
0.035 	0.00810339 	-7.34082e-08
0.0425 	0.00810339 	0
-0.0425 	0.00895856 	0
-0.035 	0.00895856 	7.29479e-08
-0.0314991 	0.00895856 	3.50218e-05
-0.0279159 	0.00895856 	7.13547e-05
-0.0249299 	0.00895856 	0.000102454
-0.0224416 	0.00895856 	0.000129128
-0.020368 	0.00895856 	0.000151923
-0.01864 	0.00895856 	0.000171271
-0.0172 	0.00895856 	0.000187571
-0.016 	0.00895856 	0.00020121
-0.015 	0.00895856 	0.00021256
-0.0143001 	0.00895856 	0.000212551
-0.0134 	0.00895856 	0.000212488
-0.0125 	0.00895856 	0.000212362
-0.0115001 	0.00895856 	0.000212141
-0.0105 	0.00895856 	0.000211833
-0.00950001 	0.00895856 	0.000211455
-0.0085 	0.00895856 	0.00021104
-0.0075 	0.00895856 	0.00021064
-0.00670001 	0.00895856 	0.000210371
-0.00585 	0.00895856 	0.000210168
-0.005 	0.00895856 	0.000210074
-0.004 	0.00895856 	0.000167724
-0.00299999 	0.00895856 	0.000125564
-0.00199997 	0.00895856 	8.35865e-05
-0.00099994 	0.00895856 	4.17522e-05
1.00001e-07 	0.00895856 	-4.1802e-09
0.00100015 	0.00895856 	-4.1761e-05
0.00200021 	0.00895856 	-8.35966e-05
0.00300028 	0.00895856 	-0.000125576
0.00400036 	0.00895856 	-0.00016774
0.005 	0.00895856 	-0.000210074
0.00585 	0.00895856 	-0.000210168
0.00670001 	0.00895856 	-0.000210371
0.0075 	0.00895856 	-0.00021064
0.0085 	0.00895856 	-0.00021104
0.0095001 	0.00895856 	-0.000211455
0.0105003 	0.00895856 	-0.000211834
0.0115006 	0.00895856 	-0.000212141
0.0125 	0.00895856 	-0.000212362
0.0134 	0.00895856 	-0.000212488
0.0143 	0.00895856 	-0.000212551
0.015 	0.00895856 	-0.00021256
0.016 	0.00895856 	-0.00020121
0.0172 	0.00895856 	-0.000187571
0.01864 	0.00895856 	-0.000171271
0.020368 	0.00895856 	-0.000151923
0.0224416 	0.00895856 	-0.000129128
0.0249299 	0.00895856 	-0.000102454
0.0279159 	0.00895856 	-7.13547e-05
0.0314991 	0.00895856 	-3.50218e-05
0.035 	0.00895856 	-7.29479e-08
0.0425 	0.00895856 	0
-0.0425 	0.00985649 	0
-0.035 	0.00985649 	7.23921e-08
-0.0314991 	0.00985649 	3.48317e-05
-0.0279159 	0.00985649 	7.10533e-05
-0.0249299 	0.00985649 	0.000102208
-0.0224416 	0.00985649 	0.000129108
-0.020368 	0.00985649 	0.000152274
-0.01864 	0.00985649 	0.000172093
-0.0172 	0.00985649 	0.000188914
-0.016 	0.00985649 	0.000203082
-0.015 	0.00985649 	0.000214938
-0.0143001 	0.00985649 	0.000214942
-0.0134 	0.00985649 	0.000214932
-0.0125 	0.00985649 	0.000214889
-0.0115001 	0.00985649 	0.000214778
-0.0105 	0.00985649 	0.000214578
-0.00950001 	0.00985649 	0.000214288
-0.0085 	0.00985649 	0.000213935
-0.0075 	0.00985649 	0.000213571
-0.00670001 	0.00985649 	0.000213316
-0.00585 	0.00985649 	0.00021312
-0.005 	0.00985649 	0.000213027
-0.004 	0.00985649 	0.000170111
-0.00299999 	0.00985649 	0.000127374
-0.00199997 	0.00985649 	8.48049e-05
-0.00099994 	0.00985649 	4.23654e-05
1.00001e-07 	0.00985649 	-4.243e-09
0.00100015 	0.00985649 	-4.23743e-05
0.00200021 	0.00985649 	-8.48151e-05
0.00300028 	0.00985649 	-0.000127386
0.00400036 	0.00985649 	-0.000170126
0.005 	0.00985649 	-0.000213027
0.00585 	0.00985649 	-0.00021312
0.00670001 	0.00985649 	-0.000213316
0.0075 	0.00985649 	-0.000213571
0.0085 	0.00985649 	-0.000213935
0.0095001 	0.00985649 	-0.000214288
0.0105003 	0.00985649 	-0.000214578
0.0115006 	0.00985649 	-0.000214778
0.0125 	0.00985649 	-0.000214889
0.0134 	0.00985649 	-0.000214932
0.0143 	0.00985649 	-0.000214942
0.015 	0.00985649 	-0.000214938
0.016 	0.00985649 	-0.000203082
0.0172 	0.00985649 	-0.000188914
0.01864 	0.00985649 	-0.000172093
0.020368 	0.00985649 	-0.000152274
0.0224416 	0.00985649 	-0.000129108
0.0249299 	0.00985649 	-0.000102208
0.0279159 	0.00985649 	-7.10533e-05
0.0314991 	0.00985649 	-3.48317e-05
0.035 	0.00985649 	-7.23921e-08
0.0425 	0.00985649 	0
-0.0425 	0.0107993 	0
-0.035 	0.0107993 	7.17227e-08
-0.0314991 	0.0107993 	3.45884e-05
-0.0279159 	0.0107993 	7.06477e-05
-0.0249299 	0.0107993 	0.000101825
-0.0224416 	0.0107993 	0.000128945
-0.020368 	0.0107993 	0.000152502
-0.01864 	0.0107993 	0.000172837
-0.0172 	0.0107993 	0.000190239
-0.016 	0.0107993 	0.000205005
-0.015 	0.0107993 	0.000217443
-0.0143001 	0.0107993 	0.000217467
-0.0134 	0.0107993 	0.000217531
-0.0125 	0.0107993 	0.000217601
-0.0115001 	0.0107993 	0.000217629
-0.0105 	0.0107993 	0.000217546
-0.00950001 	0.0107993 	0.000217327
-0.0085 	0.0107993 	0.00021699
-0.0075 	0.0107993 	0.0002166
-0.00670001 	0.0107993 	0.000216312
-0.00585 	0.0107993 	0.000216086
-0.005 	0.0107993 	0.000215982
-0.004 	0.0107993 	0.000172452
-0.00299999 	0.0107993 	0.00012912
-0.00199997 	0.0107993 	8.5966e-05
-0.00099994 	0.0107993 	4.29452e-05
1.00001e-07 	0.0107993 	-4.30158e-09
0.00100015 	0.0107993 	-4.29543e-05
0.00200021 	0.0107993 	-8.59763e-05
0.00300028 	0.0107993 	-0.000129133
0.00400036 	0.0107993 	-0.000172468
0.005 	0.0107993 	-0.000215982
0.00585 	0.0107993 	-0.000216086
0.00670001 	0.0107993 	-0.000216312
0.0075 	0.0107993 	-0.0002166
0.0085 	0.0107993 	-0.00021699
0.0095001 	0.0107993 	-0.000217327
0.0105003 	0.0107993 	-0.000217547
0.0115006 	0.0107993 	-0.000217629
0.0125 	0.0107993 	-0.000217601
0.0134 	0.0107993 	-0.000217531
0.0143 	0.0107993 	-0.000217467
0.015 	0.0107993 	-0.000217443
0.016 	0.0107993 	-0.000205005
0.0172 	0.0107993 	-0.000190239
0.01864 	0.0107993 	-0.000172837
0.020368 	0.0107993 	-0.000152503
0.0224416 	0.0107993 	-0.000128945
0.0249299 	0.0107993 	-0.000101825
0.0279159 	0.0107993 	-7.06477e-05
0.0314991 	0.0107993 	-3.45884e-05
0.035 	0.0107993 	-7.17227e-08
0.0425 	0.0107993 	0
-0.0425 	0.0117893 	0
-0.035 	0.0117893 	7.09191e-08
-0.0314991 	0.0117893 	3.42789e-05
-0.0279159 	0.0117893 	7.01085e-05
-0.0249299 	0.0117893 	0.000101259
-0.0224416 	0.0117893 	0.000128573
-0.020368 	0.0117893 	0.000152531
-0.01864 	0.0117893 	0.000173421
-0.0172 	0.0117893 	0.000191466
-0.016 	0.0117893 	0.000206906
-0.015 	0.0117893 	0.000220008
-0.0143001 	0.0117893 	0.000220059
-0.0134 	0.0117893 	0.000220239
-0.0125 	0.0117893 	0.000220498
-0.0115001 	0.0117893 	0.000220745
-0.0105 	0.0117893 	0.00022081
-0.00950001 	0.0117893 	0.000220644
-0.0085 	0.0117893 	0.000220263
-0.0075 	0.0117893 	0.000219742
-0.00670001 	0.0117893 	0.000219336
-0.00585 	0.0117893 	0.000219025
-0.005 	0.0117893 	0.000218893
-0.004 	0.0117893 	0.000174711
-0.00299999 	0.0117893 	0.000130776
-0.00199997 	0.0117893 	8.70513e-05
-0.00099994 	0.0117893 	4.34823e-05
1.00001e-07 	0.0117893 	-4.35493e-09
0.00100015 	0.0117893 	-4.34914e-05
0.00200021 	0.0117893 	-8.70618e-05
0.00300028 	0.0117893 	-0.000130788
0.00400036 	0.0117893 	-0.000174727
0.005 	0.0117893 	-0.000218893
0.00585 	0.0117893 	-0.000219025
0.00670001 	0.0117893 	-0.000219336
0.0075 	0.0117893 	-0.000219742
0.0085 	0.0117893 	-0.000220263
0.0095001 	0.0117893 	-0.000220644
0.0105003 	0.0117893 	-0.00022081
0.0115006 	0.0117893 	-0.000220745
0.0125 	0.0117893 	-0.000220498
0.0134 	0.0117893 	-0.000220239
0.0143 	0.0117893 	-0.000220059
0.015 	0.0117893 	-0.000220008
0.016 	0.0117893 	-0.000206906
0.0172 	0.0117893 	-0.000191466
0.01864 	0.0117893 	-0.000173421
0.020368 	0.0117893 	-0.000152531
0.0224416 	0.0117893 	-0.000128573
0.0249299 	0.0117893 	-0.000101259
0.0279159 	0.0117893 	-7.01085e-05
0.0314991 	0.0117893 	-3.42789e-05
0.035 	0.0117893 	-7.09191e-08
0.0425 	0.0117893 	0
-0.0425 	0.0125 	0
-0.035 	0.0125 	7.02752e-08
-0.0314991 	0.0125 	3.40192e-05
-0.0279159 	0.0125 	6.96411e-05
-0.0249299 	0.0125 	0.000100732
-0.0224416 	0.0125 	0.000128153
-0.020368 	0.0125 	0.000152382
-0.01864 	0.0125 	0.000173673
-0.0172 	0.0125 	0.000192198
-0.016 	0.0125 	0.000208145
-0.015 	0.0125 	0.000221752
-0.0143001 	0.0125 	0.000221825
-0.0134 	0.0125 	0.000222104
-0.0125 	0.0125 	0.000222604
-0.0115001 	0.0125 	0.000223114
-0.0105 	0.0125 	0.00022329
-0.00950001 	0.0125 	0.000223154
-0.0085 	0.0125 	0.000222717
-0.0075 	0.0125 	0.000221982
-0.00670001 	0.0125 	0.000221383
-0.00585 	0.0125 	0.000220984
-0.005 	0.0125 	0.000220826
-0.004 	0.0125 	0.000176183
-0.00299999 	0.0125 	0.000131835
-0.00199997 	0.0125 	8.77348e-05
-0.00099994 	0.0125 	4.38168e-05
1.00001e-07 	0.0125 	-4.38749e-09
0.00100015 	0.0125 	-4.38261e-05
0.00200021 	0.0125 	-8.77453e-05
0.00300028 	0.0125 	-0.000131847
0.00400036 	0.0125 	-0.000176199
0.005 	0.0125 	-0.000220826
0.00585 	0.0125 	-0.000220984
0.00670001 	0.0125 	-0.000221383
0.0075 	0.0125 	-0.000221982
0.0085 	0.0125 	-0.000222717
0.0095001 	0.0125 	-0.000223154
0.0105003 	0.0125 	-0.00022329
0.0115006 	0.0125 	-0.000223114
0.0125 	0.0125 	-0.000222604
0.0134 	0.0125 	-0.000222104
0.0143 	0.0125 	-0.000221825
0.015 	0.0125 	-0.000221752
0.016 	0.0125 	-0.000208145
0.0172 	0.0125 	-0.000192198
0.01864 	0.0125 	-0.000173673
0.020368 	0.0125 	-0.000152382
0.0224416 	0.0125 	-0.000128153
0.0249299 	0.0125 	-0.000100732
0.0279159 	0.0125 	-6.96412e-05
0.0314991 	0.0125 	-3.40192e-05
0.035 	0.0125 	-7.02752e-08
0.0425 	0.0125 	0
-0.0425 	0.0135 	0
-0.035 	0.0135 	6.92704e-08
-0.0314991 	0.0135 	3.35966e-05
-0.0279159 	0.0135 	6.8858e-05
-0.0249299 	0.0135 	9.97945e-05
-0.0224416 	0.0135 	0.000127303
-0.020368 	0.0135 	0.000151872
-0.01864 	0.0135 	0.00017372
-0.0172 	0.0135 	0.000192942
-0.016 	0.0135 	0.000209636
-0.015 	0.0135 	0.00022398
-0.0143001 	0.0135 	0.000224081
-0.0134 	0.0135 	0.00022449
-0.0125 	0.0135 	0.000225281
-0.0115001 	0.0135 	0.000226108
-0.0105 	0.0135 	0.000226427
-0.00950001 	0.0135 	0.000226322
-0.0085 	0.0135 	0.000225803
-0.0075 	0.0135 	0.000224801
-0.00670001 	0.0135 	0.000223965
-0.00585 	0.0135 	0.000223448
-0.005 	0.0135 	0.000223254
-0.004 	0.0135 	0.000177991
-0.00299999 	0.0135 	0.000133102
-0.00199997 	0.0135 	8.85309e-05
-0.00099994 	0.0135 	4.41988e-05
1.00001e-07 	0.0135 	-4.42338e-09
0.00100015 	0.0135 	-4.42081e-05
0.00200021 	0.0135 	-8.85416e-05
0.00300028 	0.0135 	-0.000133115
0.00400036 	0.0135 	-0.000178008
0.005 	0.0135 	-0.000223254
0.00585 	0.0135 	-0.000223448
0.00670001 	0.0135 	-0.000223965
0.0075 	0.0135 	-0.000224801
0.0085 	0.0135 	-0.000225803
0.0095001 	0.0135 	-0.000226322
0.0105003 	0.0135 	-0.000226427
0.0115006 	0.0135 	-0.000226108
0.0125 	0.0135 	-0.000225281
0.0134 	0.0135 	-0.00022449
0.0143 	0.0135 	-0.000224081
0.015 	0.0135 	-0.00022398
0.016 	0.0135 	-0.000209636
0.0172 	0.0135 	-0.000192942
0.01864 	0.0135 	-0.00017372
0.020368 	0.0135 	-0.000151872
0.0224416 	0.0135 	-0.000127303
0.0249299 	0.0135 	-9.97945e-05
0.0279159 	0.0135 	-6.88581e-05
0.0314991 	0.0135 	-3.35966e-05
0.035 	0.0135 	-6.92704e-08
0.0425 	0.0135 	0
-0.0425 	0.01451 	0
-0.035 	0.01451 	6.81344e-08
-0.0314991 	0.01451 	3.30975e-05
-0.0279159 	0.01451 	6.79055e-05
-0.0249299 	0.01451 	9.85877e-05
-0.0224416 	0.01451 	0.000126084
-0.020368 	0.01451 	0.000150919
-0.01864 	0.01451 	0.000173305
-0.0172 	0.01451 	0.000193254
-0.016 	0.01451 	0.000210748
-0.015 	0.01451 	0.000225865
-0.0143001 	0.01451 	0.000225983
-0.0134 	0.01451 	0.000226467
-0.0125 	0.01451 	0.000227371
-0.0115001 	0.01451 	0.000228328
-0.0105 	0.01451 	0.000228733
-0.00950001 	0.01451 	0.000228651
-0.0085 	0.01451 	0.000228088
-0.0075 	0.01451 	0.000226993
-0.00670001 	0.01451 	0.000226077
-0.00585 	0.01451 	0.000225498
-0.005 	0.01451 	0.000225284
-0.004 	0.01451 	0.000179436
-0.00299999 	0.01451 	0.000134047
-0.00199997 	0.01451 	8.90797e-05
-0.00099994 	0.01451 	4.44453e-05
1.00001e-07 	0.01451 	-4.44416e-09
0.00100015 	0.01451 	-4.44546e-05
0.00200021 	0.01451 	-8.90905e-05
0.00300028 	0.01451 	-0.00013406
0.00400036 	0.01451 	-0.000179453
0.005 	0.01451 	-0.000225284
0.00585 	0.01451 	-0.000225498
0.00670001 	0.01451 	-0.000226077
0.0075 	0.01451 	-0.000226993
0.0085 	0.01451 	-0.000228088
0.0095001 	0.01451 	-0.000228651
0.0105003 	0.01451 	-0.000228733
0.0115006 	0.01451 	-0.000228327
0.0125 	0.01451 	-0.000227371
0.0134 	0.01451 	-0.000226467
0.0143 	0.01451 	-0.000225983
0.015 	0.01451 	-0.000225865
0.016 	0.01451 	-0.000210748
0.0172 	0.01451 	-0.000193254
0.01864 	0.01451 	-0.000173305
0.020368 	0.01451 	-0.000150919
0.0224416 	0.01451 	-0.000126084
0.0249299 	0.01451 	-9.85877e-05
0.0279159 	0.01451 	-6.79055e-05
0.0314991 	0.01451 	-3.30975e-05
0.035 	0.01451 	-6.81344e-08
0.0425 	0.01451 	0
-0.0425 	0.0155301 	0
-0.035 	0.0155301 	6.68606e-08
-0.0314991 	0.0155301 	3.25157e-05
-0.0279159 	0.0155301 	6.67669e-05
-0.0249299 	0.0155301 	9.70754e-05
-0.0224416 	0.0155301 	0.000124426
-0.020368 	0.0155301 	0.000149408
-0.01864 	0.0155301 	0.000172276
-0.0172 	0.0155301 	0.000192988
-0.016 	0.0155301 	0.000211367
-0.015 	0.0155301 	0.00022733
-0.0143001 	0.0155301 	0.00022745
-0.0134 	0.0155301 	0.00022794
-0.0125 	0.0155301 	0.000228853
-0.0115001 	0.0155301 	0.000229824
-0.0105 	0.0155301 	0.000230245
-0.00950001 	0.0155301 	0.000230179
-0.0085 	0.0155301 	0.00022963
-0.0075 	0.0155301 	0.000228547
-0.00670001 	0.0155301 	0.000227638
-0.00585 	0.0155301 	0.000227063
-0.005 	0.0155301 	0.000226851
-0.004 	0.0155301 	0.000180412
-0.00299999 	0.0155301 	0.000134541
-0.00199997 	0.0155301 	8.92641e-05
-0.00099994 	0.0155301 	4.44875e-05
1.00001e-07 	0.0155301 	-4.44235e-09
0.00100015 	0.0155301 	-4.44969e-05
0.00200021 	0.0155301 	-8.92749e-05
0.00300028 	0.0155301 	-0.000134554
0.00400036 	0.0155301 	-0.000180429
0.005 	0.0155301 	-0.000226851
0.00585 	0.0155301 	-0.000227063
0.00670001 	0.0155301 	-0.000227638
0.0075 	0.0155301 	-0.000228547
0.0085 	0.0155301 	-0.00022963
0.0095001 	0.0155301 	-0.000230179
0.0105003 	0.0155301 	-0.000230245
0.0115006 	0.0155301 	-0.000229823
0.0125 	0.0155301 	-0.000228854
0.0134 	0.0155301 	-0.00022794
0.0143 	0.0155301 	-0.00022745
0.015 	0.0155301 	-0.00022733
0.016 	0.0155301 	-0.000211367
0.0172 	0.0155301 	-0.000192988
0.01864 	0.0155301 	-0.000172276
0.020368 	0.0155301 	-0.000149408
0.0224416 	0.0155301 	-0.000124426
0.0249299 	0.0155301 	-9.70754e-05
0.0279159 	0.0155301 	-6.67669e-05
0.0314991 	0.0155301 	-3.25157e-05
0.035 	0.0155301 	-6.68606e-08
0.0425 	0.0155301 	0
-0.0425 	0.0165604 	0
-0.035 	0.0165604 	6.54441e-08
-0.0314991 	0.0165604 	3.18467e-05
-0.0279159 	0.0165604 	6.54282e-05
-0.0249299 	0.0165604 	9.52256e-05
-0.0224416 	0.0165604 	0.000122263
-0.020368 	0.0165604 	0.000147208
-0.01864 	0.0165604 	0.000170432
-0.0172 	0.0165604 	0.000191938
-0.016 	0.0165604 	0.000211366
-0.015 	0.0165604 	0.000228356
-0.0143001 	0.0165604 	0.000228463
-0.0134 	0.0165604 	0.00022889
-0.0125 	0.0165604 	0.000229706
-0.0115001 	0.0165604 	0.000230571
-0.0105 	0.0165604 	0.000230937
-0.00950001 	0.0165604 	0.000230881
-0.0085 	0.0165604 	0.000230408
-0.0075 	0.0165604 	0.000229448
-0.00670001 	0.0165604 	0.000228637
-0.00585 	0.0165604 	0.000228135
-0.005 	0.0165604 	0.000227944
-0.004 	0.0165604 	0.000180767
-0.00299999 	0.0165604 	0.000134354
-0.00199997 	0.0165604 	8.88724e-05
-0.00099994 	0.0165604 	4.42014e-05
1.00001e-07 	0.0165604 	-4.40503e-09
0.00100015 	0.0165604 	-4.42107e-05
0.00200021 	0.0165604 	-8.88832e-05
0.00300028 	0.0165604 	-0.000134368
0.00400036 	0.0165604 	-0.000180784
0.005 	0.0165604 	-0.000227944
0.00585 	0.0165604 	-0.000228135
0.00670001 	0.0165604 	-0.000228637
0.0075 	0.0165604 	-0.000229448
0.0085 	0.0165604 	-0.000230408
0.0095001 	0.0165604 	-0.000230881
0.0105003 	0.0165604 	-0.000230937
0.0115006 	0.0165604 	-0.00023057
0.0125 	0.0165604 	-0.000229706
0.0134 	0.0165604 	-0.00022889
0.0143 	0.0165604 	-0.000228463
0.015 	0.0165604 	-0.000228357
0.016 	0.0165604 	-0.000211366
0.0172 	0.0165604 	-0.000191938
0.01864 	0.0165604 	-0.000170432
0.020368 	0.0165604 	-0.000147208
0.0224416 	0.0165604 	-0.000122263
0.0249299 	0.0165604 	-9.52256e-05
0.0279159 	0.0165604 	-6.54282e-05
0.0314991 	0.0165604 	-3.18467e-05
0.035 	0.0165604 	-6.54441e-08
0.0425 	0.0165604 	0
-0.0425 	0.0175 	0
-0.035 	0.0175 	6.4039e-08
-0.0314991 	0.0175 	3.11644e-05
-0.0279159 	0.0175 	6.40387e-05
-0.0249299 	0.0175 	9.32438e-05
-0.0224416 	0.0175 	0.000119823
-0.020368 	0.0175 	0.000144514
-0.01864 	0.0175 	0.000167836
-0.0172 	0.0175 	0.00019004
-0.016 	0.0175 	0.000210669
-0.015 	0.0175 	0.00022894
-0.0143001 	0.0175 	0.000229027
-0.0134 	0.0175 	0.000229353
-0.0125 	0.0175 	0.000229915
-0.0115001 	0.0175 	0.00023051
-0.0105 	0.0175 	0.000230785
-0.00950001 	0.0175 	0.000230736
-0.0085 	0.0175 	0.000230364
-0.0075 	0.0175 	0.000229682
-0.00670001 	0.0175 	0.000229112
-0.00585 	0.0175 	0.000228723
-0.005 	0.0175 	0.000228564
-0.004 	0.0175 	0.000180313
-0.00299999 	0.0175 	0.000133247
-0.00199997 	0.0175 	8.76891e-05
-0.00099994 	0.0175 	4.34926e-05
1.00001e-07 	0.0175 	-4.32417e-09
0.00100015 	0.0175 	-4.35017e-05
0.00200021 	0.0175 	-8.76998e-05
0.00300028 	0.0175 	-0.00013326
0.00400036 	0.0175 	-0.00018033
0.005 	0.0175 	-0.000228564
0.00585 	0.0175 	-0.000228723
0.00670001 	0.0175 	-0.000229112
0.0075 	0.0175 	-0.000229682
0.0085 	0.0175 	-0.000230364
0.0095001 	0.0175 	-0.000230736
0.0105003 	0.0175 	-0.000230785
0.0115006 	0.0175 	-0.00023051
0.0125 	0.0175 	-0.000229915
0.0134 	0.0175 	-0.000229354
0.0143 	0.0175 	-0.000229027
0.015 	0.0175 	-0.00022894
0.016 	0.0175 	-0.000210669
0.0172 	0.0175 	-0.00019004
0.01864 	0.0175 	-0.000167836
0.020368 	0.0175 	-0.000144514
0.0224416 	0.0175 	-0.000119823
0.0249299 	0.0175 	-9.32438e-05
0.0279159 	0.0175 	-6.40387e-05
0.0314991 	0.0175 	-3.11644e-05
0.035 	0.0175 	-6.4039e-08
0.0425 	0.0175 	0
-0.0425 	0.0189 	0
-0.035 	0.0189 	6.17509e-08
-0.0314991 	0.0189 	3.00227e-05
-0.0279159 	0.0189 	6.1673e-05
-0.0249299 	0.0189 	8.97657e-05
-0.0224416 	0.0189 	0.00011533
-0.020368 	0.0189 	0.00013915
-0.01864 	0.0189 	0.000161919
-0.0172 	0.0189 	0.000184407
-0.016 	0.0189 	0.000207487
-0.015 	0.0189 	0.000229341
-0.0143001 	0.0189 	0.000229397
-0.0134 	0.0189 	0.000229589
-0.0125 	0.0189 	0.00022984
-0.0115001 	0.0189 	0.000230099
-0.0105 	0.0189 	0.000230243
-0.00950001 	0.0189 	0.000230197
-0.0085 	0.0189 	0.000229965
-0.0075 	0.0189 	0.000229623
-0.00670001 	0.0189 	0.00022934
-0.00585 	0.0189 	0.000229093
-0.005 	0.0189 	0.000228979
-0.004 	0.0189 	0.00017683
-0.00299999 	0.0189 	0.000128016
-0.00199997 	0.0189 	8.35065e-05
-0.00099994 	0.0189 	4.12645e-05
1.00001e-07 	0.0189 	-4.08615e-09
0.00100015 	0.0189 	-4.12732e-05
0.00200021 	0.0189 	-8.35168e-05
0.00300028 	0.0189 	-0.000128029
0.00400036 	0.0189 	-0.000176849
0.005 	0.0189 	-0.000228979
0.00585 	0.0189 	-0.000229093
0.00670001 	0.0189 	-0.00022934
0.0075 	0.0189 	-0.000229623
0.0085 	0.0189 	-0.000229965
0.0095001 	0.0189 	-0.000230197
0.0105003 	0.0189 	-0.000230243
0.0115006 	0.0189 	-0.000230099
0.0125 	0.0189 	-0.00022984
0.0134 	0.0189 	-0.000229589
0.0143 	0.0189 	-0.000229397
0.015 	0.0189 	-0.000229341
0.016 	0.0189 	-0.000207487
0.0172 	0.0189 	-0.000184407
0.01864 	0.0189 	-0.000161919
0.020368 	0.0189 	-0.00013915
0.0224416 	0.0189 	-0.00011533
0.0249299 	0.0189 	-8.97657e-05
0.0279159 	0.0189 	-6.16731e-05
0.0314991 	0.0189 	-3.00227e-05
0.035 	0.0189 	-6.17509e-08
0.0425 	0.0189 	0
-0.0425 	0.02 	0
-0.035 	0.02 	5.97977e-08
-0.0314991 	0.02 	2.90257e-05
-0.0279159 	0.02 	5.95777e-05
-0.0249299 	0.02 	8.6609e-05
-0.0224416 	0.02 	0.000111095
-0.020368 	0.02 	0.000133779
-0.01864 	0.02 	0.000155335
-0.0172 	0.02 	0.000176591
-0.016 	0.02 	0.000199229
-0.015 	0.02 	0.000229353
-0.0143001 	0.02 	0.00022944
-0.0134 	0.02 	0.000229602
-0.0125 	0.02 	0.000229805
-0.0115001 	0.02 	0.00023001
-0.0105 	0.02 	0.000230114
-0.00950001 	0.02 	0.000230069
-0.0085 	0.02 	0.000229876
-0.0075 	0.02 	0.000229588
-0.00670001 	0.02 	0.000229345
-0.00585 	0.02 	0.000229125
-0.005 	0.02 	0.000228942
-0.004 	0.02 	0.000165121
-0.00299999 	0.02 	0.00011881
-0.00199997 	0.02 	7.75081e-05
-0.00099994 	0.02 	3.83254e-05
1.00001e-07 	0.02 	-3.78404e-09
0.00100015 	0.02 	-3.83335e-05
0.00200021 	0.02 	-7.75176e-05
0.00300028 	0.02 	-0.000118822
0.00400036 	0.02 	-0.00016514
0.005 	0.02 	-0.000228942
0.00585 	0.02 	-0.000229125
0.00670001 	0.02 	-0.000229345
0.0075 	0.02 	-0.000229588
0.0085 	0.02 	-0.000229876
0.0095001 	0.02 	-0.000230069
0.0105003 	0.02 	-0.000230114
0.0115006 	0.02 	-0.00023001
0.0125 	0.02 	-0.000229805
0.0134 	0.02 	-0.000229602
0.0143 	0.02 	-0.00022944
0.015 	0.02 	-0.000229353
0.016 	0.02 	-0.000199229
0.0172 	0.02 	-0.000176591
0.01864 	0.02 	-0.000155335
0.020368 	0.02 	-0.000133779
0.0224416 	0.02 	-0.000111095
0.0249299 	0.02 	-8.6609e-05
0.0279159 	0.02 	-5.95777e-05
0.0314991 	0.02 	-2.90257e-05
0.035 	0.02 	-5.97977e-08
0.0425 	0.02 	0
-0.0425 	0.022 	0
-0.035 	0.022 	5.59324e-08
-0.0314991 	0.022 	2.7013e-05
-0.0279159 	0.022 	5.52989e-05
-0.0249299 	0.022 	8.00394e-05
-0.0224416 	0.022 	0.000102031
-0.020368 	0.022 	0.000121803
-0.01864 	0.022 	0.000139678
-0.0172 	0.022 	0.000155684
-0.016 	0.022 	0.000169037
-0.015 	0.022 	0.000175897
-0.0143001 	0.022 	0.000182163
-0.0134 	0.022 	0.000186604
-0.0125 	0.022 	0.000188737
-0.0115001 	0.022 	0.000189422
-0.0105 	0.022 	0.000188743
-0.00950001 	0.022 	0.000186758
-0.0085 	0.022 	0.000183249
-0.0075 	0.022 	0.00017763
-0.00670001 	0.022 	0.000170795
-0.00585 	0.022 	0.000159641
-0.005 	0.022 	0.000140995
-0.004 	0.022 	0.000121559
-0.00299999 	0.022 	9.26121e-05
-0.00199997 	0.022 	6.1954e-05
-0.00099994 	0.022 	3.09898e-05
1.00001e-07 	0.022 	-3.04842e-09
0.00100015 	0.022 	-3.09962e-05
0.00200021 	0.022 	-6.19613e-05
0.00300028 	0.022 	-9.26206e-05
0.00400036 	0.022 	-0.000121568
0.005 	0.022 	-0.000140995
0.00585 	0.022 	-0.000159641
0.00670001 	0.022 	-0.000170795
0.0075 	0.022 	-0.00017763
0.0085 	0.022 	-0.000183249
0.0095001 	0.022 	-0.000186758
0.0105003 	0.022 	-0.000188743
0.0115006 	0.022 	-0.000189422
0.0125 	0.022 	-0.000188737
0.0134 	0.022 	-0.000186604
0.0143 	0.022 	-0.000182164
0.015 	0.022 	-0.000175897
0.016 	0.022 	-0.000169037
0.0172 	0.022 	-0.000155684
0.01864 	0.022 	-0.000139678
0.020368 	0.022 	-0.000121803
0.0224416 	0.022 	-0.000102031
0.0249299 	0.022 	-8.00394e-05
0.0279159 	0.022 	-5.52989e-05
0.0314991 	0.022 	-2.7013e-05
0.035 	0.022 	-5.59324e-08
0.0425 	0.022 	0
-0.0425 	0.0242 	0
-0.035 	0.0242 	5.12963e-08
-0.0314991 	0.0242 	2.45643e-05
-0.0279159 	0.0242 	5.00578e-05
-0.0249299 	0.0242 	7.19152e-05
-0.0224416 	0.0242 	9.07056e-05
-0.020368 	0.0242 	0.000106722
-0.01864 	0.0242 	0.000120013
-0.0172 	0.0242 	0.000130414
-0.016 	0.0242 	0.00013781
-0.015 	0.0242 	0.000143361
-0.0143001 	0.0242 	0.00014594
-0.0134 	0.0242 	0.000148656
-0.0125 	0.0242 	0.000150138
-0.0115001 	0.0242 	0.00015021
-0.0105 	0.0242 	0.000148623
-0.00950001 	0.0242 	0.000145302
-0.0085 	0.0242 	0.00014004
-0.0075 	0.0242 	0.000132484
-0.00670001 	0.0242 	0.000124508
-0.00585 	0.0242 	0.000114062
-0.005 	0.0242 	0.000102385
-0.004 	0.0242 	8.47697e-05
-0.00299999 	0.0242 	6.5906e-05
-0.00199997 	0.0242 	4.49521e-05
-0.00099994 	0.0242 	2.2749e-05
1.00001e-07 	0.0242 	-2.23213e-09
0.00100015 	0.0242 	-2.27536e-05
0.00200021 	0.0242 	-4.49572e-05
0.00300028 	0.0242 	-6.59117e-05
0.00400036 	0.0242 	-8.47761e-05
0.005 	0.0242 	-0.000102385
0.00585 	0.0242 	-0.000114062
0.00670001 	0.0242 	-0.000124507
0.0075 	0.0242 	-0.000132484
0.0085 	0.0242 	-0.00014004
0.0095001 	0.0242 	-0.000145303
0.0105003 	0.0242 	-0.000148623
0.0115006 	0.0242 	-0.00015021
0.0125 	0.0242 	-0.000150138
0.0134 	0.0242 	-0.000148656
0.0143 	0.0242 	-0.000145941
0.015 	0.0242 	-0.000143361
0.016 	0.0242 	-0.00013781
0.0172 	0.0242 	-0.000130414
0.01864 	0.0242 	-0.000120013
0.020368 	0.0242 	-0.000106722
0.0224416 	0.0242 	-9.07056e-05
0.0249299 	0.0242 	-7.19152e-05
0.0279159 	0.0242 	-5.00578e-05
0.0314991 	0.0242 	-2.45643e-05
0.035 	0.0242 	-5.12963e-08
0.0425 	0.0242 	0
-0.0425 	0.02662 	0
-0.035 	0.02662 	4.58819e-08
-0.0314991 	0.02662 	2.17001e-05
-0.0279159 	0.02662 	4.394e-05
-0.0249299 	0.02662 	6.24891e-05
-0.0224416 	0.02662 	7.77486e-05
-0.020368 	0.02662 	8.99571e-05
-0.01864 	0.02662 	9.93025e-05
-0.0172 	0.02662 	0.000106073
-0.016 	0.02662 	0.000110751
-0.015 	0.02662 	0.000113645
-0.0143001 	0.02662 	0.000115221
-0.0134 	0.02662 	0.000116384
-0.0125 	0.02662 	0.000116616
-0.0115001 	0.02662 	0.000115691
-0.0105 	0.02662 	0.000113409
-0.00950001 	0.02662 	0.000109667
-0.0085 	0.02662 	0.00010437
-0.0075 	0.02662 	9.74499e-05
-0.00670001 	0.02662 	9.07331e-05
-0.00585 	0.02662 	8.24591e-05
-0.005 	0.02662 	7.28455e-05
-0.004 	0.02662 	6.04477e-05
-0.00299999 	0.02662 	4.65199e-05
-0.00199997 	0.02662 	3.16277e-05
-0.00099994 	0.02662 	1.60066e-05
1.00001e-07 	0.02662 	-1.56662e-09
0.00100015 	0.02662 	-1.60098e-05
0.00200021 	0.02662 	-3.16313e-05
0.00300028 	0.02662 	-4.65241e-05
0.00400036 	0.02662 	-6.04524e-05
0.005 	0.02662 	-7.28454e-05
0.00585 	0.02662 	-8.2459e-05
0.00670001 	0.02662 	-9.07331e-05
0.0075 	0.02662 	-9.74499e-05
0.0085 	0.02662 	-0.00010437
0.0095001 	0.02662 	-0.000109667
0.0105003 	0.02662 	-0.00011341
0.0115006 	0.02662 	-0.000115692
0.0125 	0.02662 	-0.000116616
0.0134 	0.02662 	-0.000116384
0.0143 	0.02662 	-0.000115222
0.015 	0.02662 	-0.000113645
0.016 	0.02662 	-0.000110751
0.0172 	0.02662 	-0.000106073
0.01864 	0.02662 	-9.93025e-05
0.020368 	0.02662 	-8.99571e-05
0.0224416 	0.02662 	-7.77486e-05
0.0249299 	0.02662 	-6.24891e-05
0.0279159 	0.02662 	-4.394e-05
0.0314991 	0.02662 	-2.17001e-05
0.035 	0.02662 	-4.58819e-08
0.0425 	0.02662 	0
-0.0425 	0.029282 	0
-0.035 	0.029282 	3.97596e-08
-0.0314991 	0.029282 	1.84986e-05
-0.0279159 	0.029282 	3.717e-05
-0.0249299 	0.029282 	5.22498e-05
-0.0224416 	0.029282 	6.40816e-05
-0.020368 	0.029282 	7.29981e-05
-0.01864 	0.029282 	7.9389e-05
-0.0172 	0.029282 	8.37079e-05
-0.016 	0.029282 	8.6405e-05
-0.015 	0.029282 	8.79429e-05
-0.0143001 	0.029282 	8.85488e-05
-0.0134 	0.029282 	8.87626e-05
-0.0125 	0.029282 	8.82592e-05
-0.0115001 	0.029282 	8.67998e-05
-0.0105 	0.029282 	8.4338e-05
-0.00950001 	0.029282 	8.08278e-05
-0.0085 	0.029282 	7.6239e-05
-0.0075 	0.029282 	7.05622e-05
-0.00670001 	0.029282 	6.52427e-05
-0.00585 	0.029282 	5.88519e-05
-0.005 	0.029282 	5.17914e-05
-0.004 	0.029282 	4.25952e-05
-0.00299999 	0.029282 	3.26793e-05
-0.00199997 	0.029282 	2.21358e-05
-0.00099994 	0.029282 	1.11735e-05
1.00001e-07 	0.029282 	-1.09122e-09
0.00100015 	0.029282 	-1.11758e-05
0.00200021 	0.029282 	-2.21383e-05
0.00300028 	0.029282 	-3.26822e-05
0.00400036 	0.029282 	-4.25985e-05
0.005 	0.029282 	-5.17914e-05
0.00585 	0.029282 	-5.88518e-05
0.00670001 	0.029282 	-6.52427e-05
0.0075 	0.029282 	-7.05621e-05
0.0085 	0.029282 	-7.6239e-05
0.0095001 	0.029282 	-8.08282e-05
0.0105003 	0.029282 	-8.43389e-05
0.0115006 	0.029282 	-8.68008e-05
0.0125 	0.029282 	-8.82592e-05
0.0134 	0.029282 	-8.87626e-05
0.0143 	0.029282 	-8.85489e-05
0.015 	0.029282 	-8.79429e-05
0.016 	0.029282 	-8.6405e-05
0.0172 	0.029282 	-8.37079e-05
0.01864 	0.029282 	-7.9389e-05
0.020368 	0.029282 	-7.29981e-05
0.0224416 	0.029282 	-6.40816e-05
0.0249299 	0.029282 	-5.22498e-05
0.0279159 	0.029282 	-3.717e-05
0.0314991 	0.029282 	-1.84986e-05
0.035 	0.029282 	-3.97596e-08
0.0425 	0.029282 	0
-0.0425 	0.0322102 	0
-0.035 	0.0322102 	3.30893e-08
-0.0314991 	0.0322102 	1.50907e-05
-0.0279159 	0.0322102 	3.0076e-05
-0.0249299 	0.0322102 	4.1789e-05
-0.0224416 	0.0322102 	5.05758e-05
-0.020368 	0.0322102 	5.68501e-05
-0.01864 	0.0322102 	6.10718e-05
-0.0172 	0.0322102 	6.37022e-05
-0.016 	0.0322102 	6.51653e-05
-0.015 	0.0322102 	6.58044e-05
-0.0143001 	0.0322102 	6.59187e-05
-0.0134 	0.0322102 	6.56223e-05
-0.0125 	0.0322102 	6.48072e-05
-0.0115001 	0.0322102 	6.32624e-05
-0.0105 	0.0322102 	6.10187e-05
-0.00950001 	0.0322102 	5.80613e-05
-0.0085 	0.0322102 	5.43863e-05
-0.0075 	0.0322102 	5.00046e-05
-0.00670001 	0.0322102 	4.60083e-05
-0.00585 	0.0322102 	4.13111e-05
-0.005 	0.0322102 	3.61709e-05
-0.004 	0.0322102 	2.96421e-05
-0.00299999 	0.0322102 	2.26476e-05
-0.00199997 	0.0322102 	1.53028e-05
-0.00099994 	0.0322102 	7.71337e-06
1.00001e-07 	0.0322102 	-7.51898e-10
0.00100015 	0.0322102 	-7.71493e-06
0.00200021 	0.0322102 	-1.53045e-05
0.00300028 	0.0322102 	-2.26496e-05
0.00400036 	0.0322102 	-2.96445e-05
0.005 	0.0322102 	-3.61709e-05
0.00585 	0.0322102 	-4.1311e-05
0.00670001 	0.0322102 	-4.60082e-05
0.0075 	0.0322102 	-5.00046e-05
0.0085 	0.0322102 	-5.43863e-05
0.0095001 	0.0322102 	-5.80615e-05
0.0105003 	0.0322102 	-6.10195e-05
0.0115006 	0.0322102 	-6.32633e-05
0.0125 	0.0322102 	-6.48072e-05
0.0134 	0.0322102 	-6.56223e-05
0.0143 	0.0322102 	-6.59187e-05
0.015 	0.0322102 	-6.58044e-05
0.016 	0.0322102 	-6.51653e-05
0.0172 	0.0322102 	-6.37022e-05
0.01864 	0.0322102 	-6.10718e-05
0.020368 	0.0322102 	-5.68501e-05
0.0224416 	0.0322102 	-5.05758e-05
0.0249299 	0.0322102 	-4.1789e-05
0.0279159 	0.0322102 	-3.0076e-05
0.0314991 	0.0322102 	-1.50907e-05
0.035 	0.0322102 	-3.30893e-08
0.0425 	0.0322102 	0
-0.0425 	0.0354312 	0
-0.035 	0.0354312 	2.61093e-08
-0.0314991 	0.0354312 	1.16332e-05
-0.0279159 	0.0354312 	2.30077e-05
-0.0249299 	0.0354312 	3.16363e-05
-0.0224416 	0.0354312 	3.78562e-05
-0.020368 	0.0354312 	4.2086e-05
-0.01864 	0.0354312 	4.47608e-05
-0.0172 	0.0354312 	4.62836e-05
-0.016 	0.0354312 	4.69942e-05
-0.015 	0.0354312 	4.71635e-05
-0.0143001 	0.0354312 	4.70367e-05
-0.0134 	0.0354312 	4.65661e-05
-0.0125 	0.0354312 	4.57354e-05
-0.0115001 	0.0354312 	4.43783e-05
-0.0105 	0.0354312 	4.25562e-05
-0.00950001 	0.0354312 	4.02681e-05
-0.0085 	0.0354312 	3.75204e-05
-0.0075 	0.0354312 	3.4328e-05
-0.00670001 	0.0354312 	3.14695e-05
-0.00585 	0.0354312 	2.81541e-05
-0.005 	0.0354312 	2.4579e-05
-0.004 	0.0354312 	2.00732e-05
-0.00299999 	0.0354312 	1.53009e-05
-0.00199997 	0.0354312 	1.0319e-05
-0.00099994 	0.0354312 	5.19525e-06
1.00001e-07 	0.0354312 	-5.05434e-10
0.00100015 	0.0354312 	-5.1963e-06
0.00200021 	0.0354312 	-1.03202e-05
0.00300028 	0.0354312 	-1.53023e-05
0.00400036 	0.0354312 	-2.00748e-05
0.005 	0.0354312 	-2.4579e-05
0.00585 	0.0354312 	-2.81541e-05
0.00670001 	0.0354312 	-3.14694e-05
0.0075 	0.0354312 	-3.4328e-05
0.0085 	0.0354312 	-3.75204e-05
0.0095001 	0.0354312 	-4.02683e-05
0.0105003 	0.0354312 	-4.25568e-05
0.0115006 	0.0354312 	-4.43791e-05
0.0125 	0.0354312 	-4.57354e-05
0.0134 	0.0354312 	-4.65661e-05
0.0143 	0.0354312 	-4.70367e-05
0.015 	0.0354312 	-4.71635e-05
0.016 	0.0354312 	-4.69942e-05
0.0172 	0.0354312 	-4.62836e-05
0.01864 	0.0354312 	-4.47608e-05
0.020368 	0.0354312 	-4.2086e-05
0.0224416 	0.0354312 	-3.78562e-05
0.0249299 	0.0354312 	-3.16363e-05
0.0279159 	0.0354312 	-2.30077e-05
0.0314991 	0.0354312 	-1.16332e-05
0.035 	0.0354312 	-2.61093e-08
0.0425 	0.0354312 	0
-0.0425 	0.0389743 	0
-0.035 	0.0389743 	1.91049e-08
-0.0314991 	0.0389743 	8.26345e-06
-0.0279159 	0.0389743 	1.62376e-05
-0.0249299 	0.0389743 	2.21374e-05
-0.0224416 	0.0389743 	2.62509e-05
-0.020368 	0.0389743 	2.89325e-05
-0.01864 	0.0389743 	3.05328e-05
-0.0172 	0.0389743 	3.13588e-05
-0.016 	0.0389743 	3.16588e-05
-0.015 	0.0389743 	3.16201e-05
-0.0143001 	0.0389743 	3.14306e-05
-0.0134 	0.0389743 	3.09835e-05
-0.0125 	0.0389743 	3.03036e-05
-0.0115001 	0.0389743 	2.92716e-05
-0.0105 	0.0389743 	2.79475e-05
-0.00950001 	0.0389743 	2.63354e-05
-0.0085 	0.0389743 	2.4443e-05
-0.0075 	0.0389743 	2.22829e-05
-0.00670001 	0.0389743 	2.03735e-05
-0.00585 	0.0389743 	1.81815e-05
-0.005 	0.0389743 	1.58359e-05
-0.004 	0.0389743 	1.29052e-05
-0.00299999 	0.0389743 	9.81887e-06
-0.00199997 	0.0389743 	6.61356e-06
-0.00099994 	0.0389743 	3.32713e-06
1.00001e-07 	0.0389743 	-3.2303e-10
0.00100015 	0.0389743 	-3.3278e-06
0.00200021 	0.0389743 	-6.61432e-06
0.00300028 	0.0389743 	-9.81977e-06
0.00400036 	0.0389743 	-1.29062e-05
0.005 	0.0389743 	-1.58359e-05
0.00585 	0.0389743 	-1.81815e-05
0.00670001 	0.0389743 	-2.03735e-05
0.0075 	0.0389743 	-2.22828e-05
0.0085 	0.0389743 	-2.44429e-05
0.0095001 	0.0389743 	-2.63355e-05
0.0105003 	0.0389743 	-2.79479e-05
0.0115006 	0.0389743 	-2.92721e-05
0.0125 	0.0389743 	-3.03036e-05
0.0134 	0.0389743 	-3.09835e-05
0.0143 	0.0389743 	-3.14305e-05
0.015 	0.0389743 	-3.16201e-05
0.016 	0.0389743 	-3.16588e-05
0.0172 	0.0389743 	-3.13588e-05
0.01864 	0.0389743 	-3.05328e-05
0.020368 	0.0389743 	-2.89325e-05
0.0224416 	0.0389743 	-2.62509e-05
0.0249299 	0.0389743 	-2.21374e-05
0.0279159 	0.0389743 	-1.62376e-05
0.0314991 	0.0389743 	-8.26345e-06
0.035 	0.0389743 	-1.91049e-08
0.0425 	0.0389743 	0
-0.0425 	0.0428718 	0
-0.035 	0.0428718 	1.23982e-08
-0.0314991 	0.0428718 	5.04906e-06
-0.0279159 	0.0428718 	9.87333e-06
-0.0249299 	0.0428718 	1.3377e-05
-0.0224416 	0.0428718 	1.57594e-05
-0.020368 	0.0428718 	1.72623e-05
-0.01864 	0.0428718 	1.81168e-05
-0.0172 	0.0428718 	1.85185e-05
-0.016 	0.0428718 	1.86204e-05
-0.015 	0.0428718 	1.85355e-05
-0.0143001 	0.0428718 	1.83813e-05
-0.0134 	0.0428718 	1.80663e-05
-0.0125 	0.0428718 	1.76186e-05
-0.0115001 	0.0428718 	1.69654e-05
-0.0105 	0.0428718 	1.61495e-05
-0.00950001 	0.0428718 	1.51748e-05
-0.0085 	0.0428718 	1.40471e-05
-0.0075 	0.0428718 	1.27746e-05
-0.00670001 	0.0428718 	1.16592e-05
-0.00585 	0.0428718 	1.0387e-05
-0.005 	0.0428718 	9.03362e-06
-0.004 	0.0428718 	7.35054e-06
-0.00299999 	0.0428718 	5.58621e-06
-0.00199997 	0.0428718 	3.75938e-06
-0.00099994 	0.0428718 	1.89028e-06
1.00001e-07 	0.0428718 	-1.83186e-10
0.00100015 	0.0428718 	-1.89066e-06
0.00200021 	0.0428718 	-3.75981e-06
0.00300028 	0.0428718 	-5.58672e-06
0.00400036 	0.0428718 	-7.35115e-06
0.005 	0.0428718 	-9.03361e-06
0.00585 	0.0428718 	-1.0387e-05
0.00670001 	0.0428718 	-1.16592e-05
0.0075 	0.0428718 	-1.27745e-05
0.0085 	0.0428718 	-1.4047e-05
0.0095001 	0.0428718 	-1.51749e-05
0.0105003 	0.0428718 	-1.61497e-05
0.0115006 	0.0428718 	-1.69657e-05
0.0125 	0.0428718 	-1.76186e-05
0.0134 	0.0428718 	-1.80663e-05
0.0143 	0.0428718 	-1.83813e-05
0.015 	0.0428718 	-1.85355e-05
0.016 	0.0428718 	-1.86204e-05
0.0172 	0.0428718 	-1.85185e-05
0.01864 	0.0428718 	-1.81168e-05
0.020368 	0.0428718 	-1.72623e-05
0.0224416 	0.0428718 	-1.57594e-05
0.0249299 	0.0428718 	-1.3377e-05
0.0279159 	0.0428718 	-9.87332e-06
0.0314991 	0.0428718 	-5.04906e-06
0.035 	0.0428718 	-1.23982e-08
0.0425 	0.0428718 	0
-0.0425 	0.047159 	0
-0.035 	0.047159 	6.52655e-09
-0.0314991 	0.047159 	1.94195e-06
-0.0279159 	0.047159 	3.78526e-06
-0.0249299 	0.047159 	5.10979e-06
-0.0224416 	0.047159 	5.99736e-06
-0.020368 	0.047159 	6.54631e-06
-0.01864 	0.047159 	6.84898e-06
-0.0172 	0.047159 	6.98212e-06
-0.016 	0.047159 	7.00476e-06
-0.015 	0.047159 	6.95973e-06
-0.0143001 	0.047159 	6.89289e-06
-0.0134 	0.047159 	6.76359e-06
-0.0125 	0.047159 	6.58537e-06
-0.0115001 	0.047159 	6.33025e-06
-0.0105 	0.047159 	6.01586e-06
-0.00950001 	0.047159 	5.64395e-06
-0.0085 	0.047159 	5.21693e-06
-0.0075 	0.047159 	4.73801e-06
-0.00670001 	0.047159 	4.32015e-06
-0.00585 	0.047159 	3.84519e-06
-0.005 	0.047159 	3.34141e-06
-0.004 	0.047159 	2.71671e-06
-0.00299999 	0.047159 	2.06328e-06
-0.00199997 	0.047159 	1.3879e-06
-0.00099994 	0.047159 	6.97666e-07
1.00001e-07 	0.047159 	-6.75258e-11
0.00100015 	0.047159 	-6.97807e-07
0.00200021 	0.047159 	-1.38806e-06
0.00300028 	0.047159 	-2.06347e-06
0.00400036 	0.047159 	-2.71694e-06
0.005 	0.047159 	-3.3414e-06
0.00585 	0.047159 	-3.84519e-06
0.00670001 	0.047159 	-4.32015e-06
0.0075 	0.047159 	-4.73801e-06
0.0085 	0.047159 	-5.21693e-06
0.0095001 	0.047159 	-5.64398e-06
0.0105003 	0.047159 	-6.01596e-06
0.0115006 	0.047159 	-6.33039e-06
0.0125 	0.047159 	-6.58537e-06
0.0134 	0.047159 	-6.76358e-06
0.0143 	0.047159 	-6.89287e-06
0.015 	0.047159 	-6.95973e-06
0.016 	0.047159 	-7.00476e-06
0.0172 	0.047159 	-6.98212e-06
0.01864 	0.047159 	-6.84898e-06
0.020368 	0.047159 	-6.54631e-06
0.0224416 	0.047159 	-5.99736e-06
0.0249299 	0.047159 	-5.10979e-06
0.0279159 	0.047159 	-3.78526e-06
0.0314991 	0.047159 	-1.94195e-06
0.035 	0.047159 	-6.52655e-09
0.0425 	0.047159 	0
-0.0425 	0.05 	0
-0.035 	0.05 	3.91801e-09
-0.0314991 	0.05 	6.2388e-09
-0.0279159 	0.05 	9.53606e-09
-0.0249299 	0.05 	1.21795e-08
-0.0224416 	0.05 	1.39858e-08
-0.020368 	0.05 	1.50819e-08
-0.01864 	0.05 	1.56515e-08
-0.0172 	0.05 	1.58607e-08
-0.016 	0.05 	1.58393e-08
-0.015 	0.05 	1.5681e-08
-0.0143001 	0.05 	1.5493e-08
-0.0134 	0.05 	1.51573e-08
-0.0125 	0.05 	1.47163e-08
-0.0115001 	0.05 	1.41043e-08
-0.0105 	0.05 	1.33666e-08
-0.00950001 	0.05 	1.2508e-08
-0.0085 	0.05 	1.15343e-08
-0.0075 	0.05 	1.04531e-08
-0.00670001 	0.05 	9.51649e-09
-0.00585 	0.05 	8.45779e-09
-0.005 	0.05 	7.34031e-09
-0.004 	0.05 	5.9604e-09
-0.00299999 	0.05 	4.52232e-09
-0.00199997 	0.05 	3.03984e-09
-0.00099994 	0.05 	1.5274e-09
1.00001e-07 	0.05 	-1.4734e-13
0.00100015 	0.05 	-1.52771e-09
0.00200021 	0.05 	-3.04019e-09
0.00300028 	0.05 	-4.52273e-09
0.00400036 	0.05 	-5.9609e-09
0.005 	0.05 	-7.3403e-09
0.00585 	0.05 	-8.45778e-09
0.00670001 	0.05 	-9.51648e-09
0.0075 	0.05 	-1.04531e-08
0.0085 	0.05 	-1.15343e-08
0.0095001 	0.05 	-1.25081e-08
0.0105003 	0.05 	-1.33668e-08
0.0115006 	0.05 	-1.41046e-08
0.0125 	0.05 	-1.47163e-08
0.0134 	0.05 	-1.51573e-08
0.0143 	0.05 	-1.5493e-08
0.015 	0.05 	-1.5681e-08
0.016 	0.05 	-1.58393e-08
0.0172 	0.05 	-1.58607e-08
0.01864 	0.05 	-1.56515e-08
0.020368 	0.05 	-1.50819e-08
0.0224416 	0.05 	-1.39858e-08
0.0249299 	0.05 	-1.21795e-08
0.0279159 	0.05 	-9.53606e-09
0.0314991 	0.05 	-6.2388e-09
0.035 	0.05 	-3.91801e-09
0.0425 	0.05 	0
-0.0425 	0.0575 	0
-0.035 	0.0575 	0
-0.0314991 	0.0575 	0
-0.0279159 	0.0575 	0
-0.0249299 	0.0575 	0
-0.0224416 	0.0575 	0
-0.020368 	0.0575 	0
-0.01864 	0.0575 	0
-0.0172 	0.0575 	0
-0.016 	0.0575 	0
-0.015 	0.0575 	0
-0.0143001 	0.0575 	0
-0.0134 	0.0575 	0
-0.0125 	0.0575 	0
-0.0115001 	0.0575 	0
-0.0105 	0.0575 	0
-0.00950001 	0.0575 	0
-0.0085 	0.0575 	0
-0.0075 	0.0575 	0
-0.00670001 	0.0575 	0
-0.00585 	0.0575 	0
-0.005 	0.0575 	0
-0.004 	0.0575 	0
-0.00299999 	0.0575 	0
-0.00199997 	0.0575 	0
-0.00099994 	0.0575 	0
1.00001e-07 	0.0575 	0
0.00100015 	0.0575 	0
0.00200021 	0.0575 	0
0.00300028 	0.0575 	0
0.00400036 	0.0575 	0
0.005 	0.0575 	0
0.00585 	0.0575 	0
0.00670001 	0.0575 	0
0.0075 	0.0575 	0
0.0085 	0.0575 	0
0.0095001 	0.0575 	0
0.0105003 	0.0575 	0
0.0115006 	0.0575 	0
0.0125 	0.0575 	0
0.0134 	0.0575 	0
0.0143 	0.0575 	0
0.015 	0.0575 	0
0.016 	0.0575 	0
0.0172 	0.0575 	0
0.01864 	0.0575 	0
0.020368 	0.0575 	0
0.0224416 	0.0575 	0
0.0249299 	0.0575 	0
0.0279159 	0.0575 	0
0.0314991 	0.0575 	0
0.035 	0.0575 	0
0.0425 	0.0575 	0
