-85207.5-41941.7
-2638.81
-1766.07
-757.945
-458.816
-281.87
-186.971
-128.351
-90.9918
-66.0134
-48.807
-36.6378
-27.8504
-21.3931
-16.5782
-12.9433
-10.1696
-8.03378
-6.37581
-5.07975
-4.06031
-3.25403
-2.61318
-2.10156
-1.69144
-1.3615
-1.09517
-0.879552
-0.704554
-0.562243
-0.446373
-0.352012
-0.275254
-0.212994
-0.162748
-0.122505
-0.090613
-0.0656857
-0.046537
-0.0321321
-0.0215595
-0.014017
-0.00880622
-0.00533338
-0.00310888
-0.00174446
-0.000945733
-0.000500536
-0.000264279
-0.000144311
-8.5114e-05
-5.57563e-05
-4.02895e-05
-3.11249e-05
-2.49166e-05
-2.02689e-05
-1.65977e-05
-1.36302e-05
-1.121e-05
-9.22863e-06
-7.60335e-06
-6.26835e-06
-5.17067e-06
-4.26741e-06
-3.5237e-06
-2.91108e-06
-2.4063e-06
-1.99031e-06
-1.64751e-06
-1.36507e-06
-1.13247e-06
-9.41061e-07
-7.8375e-07
-6.54723e-07
-5.49232e-07
-4.63433e-07
-3.94258e-07
-3.39345e-07
-2.97023e-07
-2.97238
-0.71362
-22859.1
-4212.85
-1511.09
-796.092
-450.128
-282.887
-186.492
-128.318
-90.9341
-65.9917
-48.7932
-36.6304
-27.846
-21.3905
-16.5767
-12.9423
-10.1691
-8.03341
-6.37558
-5.0796
-4.06022
-3.25397
-2.61314
-2.10153
-1.69143
-1.36149
-1.09516
-0.879547
-0.704551
-0.562241
-0.446372
-0.352011
-0.275253
-0.212993
-0.162748
-0.122505
-0.0906128
-0.0656856
-0.0465369
-0.032132
-0.0215595
-0.014017
-0.0088062
-0.00533337
-0.00310888
-0.00174445
-0.000945732
-0.000500536
-0.000264279
-0.000144311
-8.51139e-05
-5.57563e-05
-4.02895e-05
-3.11249e-05
-2.49166e-05
-2.02689e-05
-1.65977e-05
-1.36302e-05
-1.121e-05
-9.22863e-06
-7.60335e-06
-6.26835e-06
-5.17067e-06
-4.26741e-06
-3.5237e-06
-2.91108e-06
-2.4063e-06
-1.99031e-06
-1.64751e-06
-1.36507e-06
-1.13247e-06
-9.41061e-07
-7.8375e-07
-6.54723e-07
-5.49232e-07
-4.63433e-07
-3.94258e-07
-3.39345e-07
-2.97023e-07
-1.80448
-0.709896
-12564.3
-4200.16
-1469.43
-782.093
-447.365
-281.167
-185.897
-127.996
-90.7808
-65.9087
-48.7482
-36.605
-27.8313
-21.3818
-16.5715
-12.9391
-10.1671
-8.03218
-6.3748
-5.07911
-4.0599
-3.25377
-2.61301
-2.10144
-1.69137
-1.36145
-1.09513
-0.87953
-0.704539
-0.562234
-0.446367
-0.352007
-0.27525
-0.212992
-0.162746
-0.122504
-0.0906122
-0.0656852
-0.0465366
-0.0321318
-0.0215594
-0.0140169
-0.00880615
-0.00533334
-0.00310886
-0.00174444
-0.000945727
-0.000500533
-0.000264278
-0.00014431
-8.51137e-05
-5.57563e-05
-4.02895e-05
-3.11249e-05
-2.49166e-05
-2.02689e-05
-1.65977e-05
-1.36302e-05
-1.121e-05
-9.22863e-06
-7.60335e-06
-6.26835e-06
-5.17067e-06
-4.26741e-06
-3.5237e-06
-2.91108e-06
-2.4063e-06
-1.99031e-06
-1.64751e-06
-1.36507e-06
-1.13247e-06
-9.41061e-07
-7.8375e-07
-6.54723e-07
-5.49232e-07
-4.63433e-07
-3.94258e-07
-3.39345e-07
-2.97023e-07
-1.17795
-0.633504
-7061.81
-3562.55
-1437.49
-754.521
-441.592
-278.137
-184.7
-127.397
-90.484
-65.7507
-48.6619
-36.5561
-27.8031
-21.3651
-16.5614
-12.933
-10.1633
-8.02981
-6.3733
-5.07816
-4.05929
-3.25337
-2.61276
-2.10128
-1.69126
-1.36138
-1.09509
-0.879498
-0.704518
-0.562219
-0.446357
-0.352
-0.275246
-0.212988
-0.162744
-0.122502
-0.090611
-0.0656844
-0.046536
-0.0321314
-0.0215591
-0.0140167
-0.00880605
-0.00533328
-0.00310882
-0.00174443
-0.000945717
-0.000500528
-0.000264276
-0.000144309
-8.51133e-05
-5.57561e-05
-4.02894e-05
-3.11249e-05
-2.49166e-05
-2.02689e-05
-1.65977e-05
-1.36302e-05
-1.121e-05
-9.22863e-06
-7.60335e-06
-6.26835e-06
-5.17067e-06
-4.26741e-06
-3.5237e-06
-2.91108e-06
-2.4063e-06
-1.99031e-06
-1.64751e-06
-1.36507e-06
-1.13247e-06
-9.41061e-07
-7.8375e-07
-6.54723e-07
-5.49232e-07
-4.63433e-07
-3.94258e-07
-3.39345e-07
-2.97023e-07
-0.828314
-0.540342
-4091.92
-2786.34
-1348.35
-721.151
-430.752
-273.687
-182.723
-126.452
-90.0047
-65.4971
-48.5226
-36.4775
-27.7575
-21.3382
-16.5452
-12.9231
-10.1572
-8.02599
-6.37089
-5.07662
-4.05831
-3.25273
-2.61234
-2.10101
-1.69108
-1.36126
-1.09501
-0.879446
-0.704483
-0.562195
-0.446341
-0.351989
-0.275238
-0.212983
-0.16274
-0.1225
-0.0906091
-0.0656831
-0.0465351
-0.0321308
-0.0215587
-0.0140164
-0.00880588
-0.00533318
-0.00310877
-0.0017444
-0.000945701
-0.000500521
-0.000264272
-0.000144308
-8.51127e-05
-5.57559e-05
-4.02894e-05
-3.11248e-05
-2.49166e-05
-2.02689e-05
-1.65977e-05
-1.36302e-05
-1.121e-05
-9.22862e-06
-7.60335e-06
-6.26835e-06
-5.17067e-06
-4.26741e-06
-3.5237e-06
-2.91108e-06
-2.4063e-06
-1.99031e-06
-1.64751e-06
-1.36507e-06
-1.13247e-06
-9.41061e-07
-7.8375e-07
-6.54723e-07
-5.49232e-07
-4.63433e-07
-3.94258e-07
-3.39345e-07
-2.97023e-07
-0.619241
-0.453506
-2446.18
-2080.7
-1202.55
-679.095
-414.868
-267.339
-179.836
-125.069
-89.2998
-65.1231
-48.3169
-36.361
-27.69
-21.2983
-16.5212
-12.9084
-10.1481
-8.02031
-6.3673
-5.07434
-4.05684
-3.25179
-2.61173
-2.1006
-1.69082
-1.36108
-1.09489
-0.879368
-0.704431
-0.56216
-0.446317
-0.351973
-0.275227
-0.212975
-0.162735
-0.122496
-0.0906063
-0.0656811
-0.0465338
-0.0321299
-0.0215581
-0.014016
-0.00880564
-0.00533303
-0.00310868
-0.00174435
-0.000945678
-0.000500509
-0.000264267
-0.000144305
-8.51119e-05
-5.57556e-05
-4.02892e-05
-3.11248e-05
-2.49166e-05
-2.02688e-05
-1.65976e-05
-1.36302e-05
-1.121e-05
-9.22862e-06
-7.60335e-06
-6.26835e-06
-5.17067e-06
-4.26741e-06
-3.5237e-06
-2.91108e-06
-2.40629e-06
-1.99031e-06
-1.64751e-06
-1.36507e-06
-1.13247e-06
-9.41061e-07
-7.8375e-07
-6.54723e-07
-5.49232e-07
-4.63433e-07
-3.94258e-07
-3.39345e-07
-2.97023e-07
-0.483818
-0.379896
-1502.18
-1511.24
-1024.56
-625.374
-394.057
-258.698
-175.887
-123.151
-88.3183
-64.5997
-48.0283
-36.1973
-27.5949
-21.242
-16.4873
-12.8877
-10.1353
-8.01229
-6.36224
-5.07111
-4.05477
-3.25045
-2.61086
-2.10003
-1.69044
-1.36084
-1.09473
-0.879259
-0.704357
-0.562111
-0.446283
-0.35195
-0.27521
-0.212964
-0.162727
-0.12249
-0.0906024
-0.0656783
-0.0465319
-0.0321286
-0.0215572
-0.0140155
-0.00880529
-0.00533282
-0.00310856
-0.00174429
-0.000945644
-0.000500493
-0.00026426
-0.000144302
-8.51106e-05
-5.57551e-05
-4.02891e-05
-3.11247e-05
-2.49165e-05
-2.02688e-05
-1.65976e-05
-1.36302e-05
-1.121e-05
-9.22862e-06
-7.60335e-06
-6.26835e-06
-5.17067e-06
-4.26741e-06
-3.5237e-06
-2.91108e-06
-2.40629e-06
-1.99031e-06
-1.64751e-06
-1.36507e-06
-1.13247e-06
-9.41061e-07
-7.8375e-07
-6.54723e-07
-5.49232e-07
-4.63433e-07
-3.94258e-07
-3.39345e-07
-2.97023e-07
-0.3897
-0.319655
-942.49
-1079.23
-840.295
-560.515
-368.277
-247.527
-170.706
-120.599
-87.0027
-63.8943
-47.6377
-35.9752
-27.4657
-21.1653
-16.4411
-12.8594
-10.1178
-8.00133
-6.35531
-5.06669
-4.05193
-3.24862
-2.60967
-2.09926
-1.68993
-1.3605
-1.0945
-0.879109
-0.704257
-0.562043
-0.446237
-0.351918
-0.275188
-0.212948
-0.162716
-0.122483
-0.090597
-0.0656745
-0.0465292
-0.0321268
-0.021556
-0.0140147
-0.00880482
-0.00533254
-0.0031084
-0.0017442
-0.000945599
-0.000500471
-0.000264249
-0.000144298
-8.51089e-05
-5.57544e-05
-4.02888e-05
-3.11246e-05
-2.49165e-05
-2.02688e-05
-1.65976e-05
-1.36302e-05
-1.12099e-05
-9.22862e-06
-7.60335e-06
-6.26835e-06
-5.17067e-06
-4.26741e-06
-3.5237e-06
-2.91108e-06
-2.40629e-06
-1.99031e-06
-1.64751e-06
-1.36507e-06
-1.13247e-06
-9.41061e-07
-7.8375e-07
-6.54723e-07
-5.49232e-07
-4.63433e-07
-3.94258e-07
-3.39345e-07
-2.97023e-07
-0.320744
-0.270781
-601.705
-762.899
-668.368
-488.217
-337.736
-233.737
-164.145
-117.318
-85.2918
-62.97
-47.1232
-35.6814
-27.2943
-21.0634
-16.3795
-12.8217
-10.0944
-7.9867
-6.34606
-5.0608
-4.04815
-3.24617
-2.60807
-2.09822
-1.68925
-1.36005
-1.09421
-0.878909
-0.704123
-0.561952
-0.446175
-0.351875
-0.275159
-0.212928
-0.162701
-0.122472
-0.0905897
-0.0656695
-0.0465257
-0.0321244
-0.0215545
-0.0140137
-0.00880418
-0.00533216
-0.00310819
-0.00174408
-0.000945538
-0.000500441
-0.000264236
-0.000144292
-8.51066e-05
-5.57536e-05
-4.02885e-05
-3.11245e-05
-2.49165e-05
-2.02688e-05
-1.65976e-05
-1.36302e-05
-1.12099e-05
-9.22861e-06
-7.60334e-06
-6.26835e-06
-5.17067e-06
-4.26741e-06
-3.5237e-06
-2.91108e-06
-2.40629e-06
-1.99031e-06
-1.64751e-06
-1.36507e-06
-1.13247e-06
-9.41061e-07
-7.8375e-07
-6.54723e-07
-5.49232e-07
-4.63433e-07
-3.94258e-07
-3.39345e-07
-2.97023e-07
-0.268277
-0.231008
-389.939
-536.172
-518.9
-413.608
-303.244
-217.395
-156.114
-113.218
-83.1237
-61.7873
-46.4603
-35.3011
-27.0716
-20.9307
-16.2992
-12.7725
-10.0638
-7.96753
-6.33393
-5.05306
-4.04318
-3.24296
-2.60598
-2.09685
-1.68835
-1.35946
-1.09381
-0.878646
-0.703946
-0.561832
-0.446093
-0.351819
-0.27512
-0.212901
-0.162682
-0.122459
-0.0905802
-0.0656628
-0.0465211
-0.0321213
-0.0215524
-0.0140124
-0.00880335
-0.00533166
-0.0031079
-0.00174392
-0.000945458
-0.000500402
-0.000264218
-0.000144285
-8.51036e-05
-5.57525e-05
-4.02881e-05
-3.11244e-05
-2.49164e-05
-2.02688e-05
-1.65976e-05
-1.36302e-05
-1.12099e-05
-9.22861e-06
-7.60334e-06
-6.26835e-06
-5.17067e-06
-4.26741e-06
-3.5237e-06
-2.91107e-06
-2.40629e-06
-1.99031e-06
-1.64751e-06
-1.36507e-06
-1.13247e-06
-9.41061e-07
-7.8375e-07
-6.54723e-07
-5.49232e-07
-4.63433e-07
-3.94258e-07
-3.39345e-07
-2.97023e-07
-0.227216
-0.198394
-256.15
-375.795
-395.328
-341.579
-266.238
-198.778
-146.599
-108.233
-80.4409
-60.3057
-45.6226
-34.8173
-26.7869
-20.7605
-16.1959
-12.709
-10.0244
-7.94276
-6.31824
-5.04305
-4.03674
-3.23879
-2.60327
-2.09508
-1.68719
-1.35869
-1.0933
-0.878305
-0.703716
-0.561677
-0.445987
-0.351747
-0.27507
-0.212865
-0.162657
-0.122441
-0.0905679
-0.0656541
-0.0465151
-0.0321172
-0.0215497
-0.0140106
-0.00880227
-0.00533102
-0.00310753
-0.00174372
-0.000945354
-0.000500352
-0.000264195
-0.000144275
-8.50996e-05
-5.5751e-05
-4.02876e-05
-3.11242e-05
-2.49163e-05
-2.02687e-05
-1.65976e-05
-1.36301e-05
-1.12099e-05
-9.2286e-06
-7.60334e-06
-6.26834e-06
-5.17066e-06
-4.26741e-06
-3.52369e-06
-2.91107e-06
-2.40629e-06
-1.99031e-06
-1.64751e-06
-1.36507e-06
-1.13247e-06
-9.41061e-07
-7.8375e-07
-6.54723e-07
-5.49232e-07
-4.63433e-07
-3.94258e-07
-3.39345e-07
-2.97023e-07
-0.194361
-0.171408
-170.375
-263.245
-296.857
-275.797
-228.53
-178.407
-135.692
-102.336
-77.1969
-58.4863
-44.5823
-34.2117
-26.4285
-20.5451
-16.0648
-12.6282
-9.97407
-7.91112
-6.29819
-5.03023
-4.0285
-3.23346
-2.5998
-2.0928
-1.68569
-1.3577
-1.09264
-0.877867
-0.703422
-0.561478
-0.445852
-0.351653
-0.275005
-0.21282
-0.162626
-0.122419
-0.090552
-0.065643
-0.0465074
-0.032112
-0.0215462
-0.0140084
-0.00880088
-0.00533019
-0.00310706
-0.00174346
-0.00094522
-0.000500287
-0.000264165
-0.000144262
-8.50946e-05
-5.57491e-05
-4.02869e-05
-3.11239e-05
-2.49162e-05
-2.02687e-05
-1.65975e-05
-1.36301e-05
-1.12099e-05
-9.22859e-06
-7.60333e-06
-6.26834e-06
-5.17066e-06
-4.26741e-06
-3.52369e-06
-2.91107e-06
-2.40629e-06
-1.99031e-06
-1.64751e-06
-1.36507e-06
-1.13247e-06
-9.4106e-07
-7.8375e-07
-6.54723e-07
-5.49232e-07
-4.63433e-07
-3.94258e-07
-3.39345e-07
-2.97023e-07
-0.167594
-0.148879
-114.631
-184.595
-220.502
-218.396
-191.933
-157.019
-123.608
-95.5519
-73.3647
-56.2959
-43.3127
-33.4651
-25.9833
-20.2761
-15.9003
-12.5265
-9.91059
-7.87113
-6.27279
-5.01399
-4.01804
-3.22668
-2.59539
-2.08992
-1.68379
-1.35644
-1.09181
-0.877309
-0.703047
-0.561224
-0.445679
-0.351534
-0.274922
-0.212762
-0.162585
-0.12239
-0.0905318
-0.0656288
-0.0464976
-0.0321053
-0.0215418
-0.0140055
-0.00879911
-0.00532913
-0.00310645
-0.00174313
-0.00094505
-0.000500204
-0.000264128
-0.000144246
-8.50882e-05
-5.57467e-05
-4.0286e-05
-3.11236e-05
-2.49161e-05
-2.02686e-05
-1.65975e-05
-1.36301e-05
-1.12099e-05
-9.22858e-06
-7.60332e-06
-6.26833e-06
-5.17066e-06
-4.2674e-06
-3.52369e-06
-2.91107e-06
-2.40629e-06
-1.99031e-06
-1.64751e-06
-1.36507e-06
-1.13247e-06
-9.4106e-07
-7.8375e-07
-6.54722e-07
-5.49232e-07
-4.63432e-07
-3.94258e-07
-3.39345e-07
-2.97023e-07
-0.145459
-0.12991
-77.9392
-129.721
-162.489
-170.136
-157.955
-135.474
-110.678
-87.9711
-68.9464
-53.7123
-41.7898
-32.5583
-25.4375
-19.9441
-15.6962
-12.3998
-9.83123
-7.82102
-6.24091
-4.99356
-4.00487
-3.21815
-2.58982
-2.08627
-1.68139
-1.35485
-1.09075
-0.876604
-0.702574
-0.560904
-0.44546
-0.351384
-0.274818
-0.212689
-0.162534
-0.122354
-0.0905062
-0.0656109
-0.0464852
-0.0320969
-0.0215362
-0.0140019
-0.00879687
-0.00532779
-0.00310569
-0.00174272
-0.000944835
-0.0005001
-0.00026408
-0.000144226
-8.50801e-05
-5.57436e-05
-4.02849e-05
-3.11232e-05
-2.49159e-05
-2.02685e-05
-1.65974e-05
-1.36301e-05
-1.12099e-05
-9.22857e-06
-7.60331e-06
-6.26833e-06
-5.17065e-06
-4.2674e-06
-3.52369e-06
-2.91107e-06
-2.40629e-06
-1.99031e-06
-1.64751e-06
-1.36507e-06
-1.13247e-06
-9.4106e-07
-7.8375e-07
-6.54722e-07
-5.49232e-07
-4.63432e-07
-3.94258e-07
-3.39345e-07
-2.97023e-07
-0.126926
-0.113812
-53.5025
-91.425
-119.072
-130.765
-127.625
-114.625
-97.3316
-79.7553
-63.981
-50.7294
-39.9959
-31.474
-24.7774
-19.539
-15.4455
-12.2434
-9.73289
-7.75873
-6.20118
-4.96806
-3.98841
-3.20746
-2.58285
-2.0817
-1.67838
-1.35286
-1.08943
-0.875719
-0.701978
-0.560501
-0.445186
-0.351195
-0.274687
-0.212598
-0.162469
-0.122308
-0.090474
-0.0655884
-0.0464696
-0.0320863
-0.0215292
-0.0139974
-0.00879405
-0.00532611
-0.00310472
-0.00174219
-0.000944565
-0.000499968
-0.00026402
-0.0001442
-8.50699e-05
-5.57398e-05
-4.02836e-05
-3.11227e-05
-2.49157e-05
-2.02684e-05
-1.65974e-05
-1.363e-05
-1.12098e-05
-9.22855e-06
-7.6033e-06
-6.26832e-06
-5.17065e-06
-4.2674e-06
-3.52369e-06
-2.91107e-06
-2.40629e-06
-1.99031e-06
-1.64751e-06
-1.36507e-06
-1.13247e-06
-9.4106e-07
-7.8375e-07
-6.54722e-07
-5.49232e-07
-4.63432e-07
-3.94258e-07
-3.39345e-07
-2.97023e-07
-0.111248
-0.100055
-37.0491
-64.653
-86.9329
-99.4156
-101.459
-95.197
-84.0426
-71.1294
-58.55
-47.3635
-37.9232
-30.1984
-23.9902
-19.0507
-15.1409
-12.0522
-9.61206
-7.68189
-6.15203
-4.93644
-3.96795
-3.19416
-2.57416
-2.076
-1.67462
-1.35037
-1.08777
-0.874612
-0.701234
-0.559997
-0.444842
-0.350959
-0.274523
-0.212483
-0.162388
-0.122251
-0.0904338
-0.0655602
-0.0464501
-0.032073
-0.0215204
-0.0139918
-0.00879053
-0.005324
-0.00310352
-0.00174154
-0.000944226
-0.000499803
-0.000263945
-0.000144168
-8.50571e-05
-5.5735e-05
-4.02818e-05
-3.1122e-05
-2.49154e-05
-2.02683e-05
-1.65973e-05
-1.363e-05
-1.12098e-05
-9.22853e-06
-7.60329e-06
-6.26831e-06
-5.17064e-06
-4.26739e-06
-3.52368e-06
-2.91107e-06
-2.40629e-06
-1.99031e-06
-1.6475e-06
-1.36507e-06
-1.13247e-06
-9.4106e-07
-7.8375e-07
-6.54722e-07
-5.49232e-07
-4.63432e-07
-3.94258e-07
-3.39345e-07
-2.97023e-07
-0.0978653
-0.0882212
-25.8593
-45.8883
-63.3275
-74.9338
-79.5354
-77.7103
-71.2688
-62.3631
-52.7771
-43.6571
-35.5774
-28.7239
-23.0651
-18.4697
-14.7749
-11.8206
-9.46485
-7.58785
-6.09164
-4.89748
-3.94269
-3.17771
-2.5634
-2.06893
-1.66996
-1.34728
-1.08572
-0.873235
-0.700308
-0.55937
-0.444414
-0.350664
-0.274319
-0.21234
-0.162288
-0.12218
-0.0903836
-0.065525
-0.0464257
-0.0320564
-0.0215094
-0.0139847
-0.00878614
-0.00532137
-0.00310202
-0.00174072
-0.000943804
-0.000499598
-0.000263851
-0.000144128
-8.50412e-05
-5.57291e-05
-4.02797e-05
-3.11212e-05
-2.49151e-05
-2.02681e-05
-1.65972e-05
-1.36299e-05
-1.12098e-05
-9.2285e-06
-7.60327e-06
-6.2683e-06
-5.17063e-06
-4.26739e-06
-3.52368e-06
-2.91106e-06
-2.40629e-06
-1.99031e-06
-1.6475e-06
-1.36507e-06
-1.13247e-06
-9.4106e-07
-7.83749e-07
-6.54722e-07
-5.49231e-07
-4.63432e-07
-3.94258e-07
-3.39345e-07
-2.97023e-07
-0.0863568
-0.0779843
-18.1788
-32.6929
-46.0822
-56.106
-61.6145
-62.4539
-59.3967
-53.7408
-46.8205
-39.6808
-32.9812
-27.0514
-21.9954
-17.7876
-14.3401
-11.543
-9.28708
-7.47363
-6.01797
-4.84977
-3.91167
-3.15746
-2.55013
-2.06019
-1.66419
-1.34346
-1.08317
-0.871529
-0.69916
-0.558592
-0.443883
-0.350299
-0.274065
-0.212163
-0.162163
-0.122092
-0.0903213
-0.0654813
-0.0463955
-0.0320359
-0.0214958
-0.0139759
-0.00878068
-0.00531811
-0.00310015
-0.0017397
-0.00094328
-0.000499343
-0.000263734
-0.000144078
-8.50214e-05
-5.57216e-05
-4.0277e-05
-3.11202e-05
-2.49147e-05
-2.02679e-05
-1.65971e-05
-1.36298e-05
-1.12097e-05
-9.22846e-06
-7.60324e-06
-6.26828e-06
-5.17062e-06
-4.26738e-06
-3.52367e-06
-2.91106e-06
-2.40628e-06
-1.9903e-06
-1.6475e-06
-1.36507e-06
-1.13247e-06
-9.41059e-07
-7.83749e-07
-6.54722e-07
-5.49231e-07
-4.63432e-07
-3.94258e-07
-3.39345e-07
-2.97023e-07
-0.0763955
-0.0690831
-12.8624
-23.38
-33.5262
-41.7989
-47.2639
-49.5043
-48.7038
-45.5281
-40.8586
-35.5302
-30.176
-25.1931
-20.7801
-16.9989
-13.8302
-11.2138
-9.07443
-7.33605
-5.92874
-4.79173
-3.8738
-3.13267
-2.53384
-2.04946
-1.65709
-1.33874
-1.08002
-0.869423
-0.697741
-0.55763
-0.443226
-0.349847
-0.273751
-0.211943
-0.162008
-0.121982
-0.0902441
-0.0654272
-0.046358
-0.0320104
-0.0214789
-0.013965
-0.00877392
-0.00531407
-0.00309784
-0.00173844
-0.00094263
-0.000499027
-0.00026359
-0.000144017
-8.49968e-05
-5.57125e-05
-4.02737e-05
-3.1119e-05
-2.49141e-05
-2.02676e-05
-1.65969e-05
-1.36297e-05
-1.12097e-05
-9.22842e-06
-7.60321e-06
-6.26826e-06
-5.17061e-06
-4.26737e-06
-3.52367e-06
-2.91106e-06
-2.40628e-06
-1.9903e-06
-1.6475e-06
-1.36506e-06
-1.13247e-06
-9.41059e-07
-7.83749e-07
-6.54722e-07
-5.49231e-07
-4.63432e-07
-3.94258e-07
-3.39345e-07
-2.97023e-07
-0.0677251
-0.0613079
-9.15406
-16.7818
-24.4023
-31.0267
-35.9659
-38.7723
-39.3458
-37.9431
-35.0706
-31.3192
-27.2213
-23.174
-19.4257
-16.1017
-13.2405
-10.828
-8.82265
-7.17177
-5.82148
-4.72159
-3.82784
-3.10247
-2.51396
-2.03632
-1.64838
-1.33295
-1.07616
-0.866831
-0.695994
-0.556445
-0.442417
-0.349289
-0.273364
-0.211672
-0.161817
-0.121847
-0.0901488
-0.0653604
-0.0463117
-0.031979
-0.021458
-0.0139516
-0.00876557
-0.00530908
-0.00309498
-0.00173689
-0.000941828
-0.000498636
-0.000263412
-0.000143941
-8.49666e-05
-5.57011e-05
-4.02696e-05
-3.11175e-05
-2.49135e-05
-2.02673e-05
-1.65967e-05
-1.36296e-05
-1.12096e-05
-9.22837e-06
-7.60318e-06
-6.26824e-06
-5.17059e-06
-4.26736e-06
-3.52366e-06
-2.91105e-06
-2.40628e-06
-1.9903e-06
-1.6475e-06
-1.36506e-06
-1.13246e-06
-9.41058e-07
-7.83749e-07
-6.54722e-07
-5.49231e-07
-4.63432e-07
-3.94258e-07
-3.39345e-07
-2.97023e-07
-0.0601416
-0.0544885
-6.54923
-12.0887
-17.7775
-22.9724
-27.1935
-30.0583
-31.3642
-31.1381
-29.6171
-27.1688
-24.1913
-21.0319
-17.9475
-15.0994
-12.5691
-10.382
-8.52785
-6.9775
-5.69362
-4.63744
-3.77241
-3.06591
-2.48979
-2.02031
-1.63775
-1.32587
-1.07142
-0.863652
-0.693849
-0.554989
-0.441421
-0.348603
-0.272887
-0.211338
-0.161582
-0.121681
-0.0900314
-0.0652781
-0.0462547
-0.0319403
-0.0214323
-0.0139351
-0.00875528
-0.00530293
-0.00309146
-0.00173497
-0.000940839
-0.000498155
-0.000263193
-0.000143847
-8.49293e-05
-5.56871e-05
-4.02645e-05
-3.11156e-05
-2.49127e-05
-2.02669e-05
-1.65965e-05
-1.36295e-05
-1.12095e-05
-9.2283e-06
-7.60313e-06
-6.26821e-06
-5.17057e-06
-4.26735e-06
-3.52365e-06
-2.91105e-06
-2.40627e-06
-1.9903e-06
-1.6475e-06
-1.36506e-06
-1.13246e-06
-9.41058e-07
-7.83748e-07
-6.54721e-07
-5.49231e-07
-4.63432e-07
-3.94258e-07
-3.39345e-07
-2.97022e-07
-0.0534805
-0.0484855
-4.70787
-8.73755
-12.9673
-16.9809
-20.4573
-23.1042
-24.7098
-25.1937
-24.6242
-23.1948
-21.1684
-18.8162
-16.3702
-14.0014
-11.8175
-9.87369
-8.18699
-6.75021
-5.54258
-4.53726
-3.70601
-3.02189
-2.46058
-2.0009
-1.62482
-1.31724
-1.06564
-0.859765
-0.691223
-0.553205
-0.4402
-0.347761
-0.272302
-0.210928
-0.161292
-0.121477
-0.0898871
-0.0651768
-0.0461847
-0.0318926
-0.0214007
-0.0139147
-0.00874262
-0.00529536
-0.00308714
-0.00173262
-0.000939624
-0.000497564
-0.000262923
-0.000143732
-8.48834e-05
-5.56699e-05
-4.02583e-05
-3.11133e-05
-2.49118e-05
-2.02664e-05
-1.65962e-05
-1.36293e-05
-1.12094e-05
-9.22822e-06
-7.60308e-06
-6.26817e-06
-5.17055e-06
-4.26733e-06
-3.52364e-06
-2.91104e-06
-2.40627e-06
-1.99029e-06
-1.6475e-06
-1.36506e-06
-1.13246e-06
-9.41057e-07
-7.83748e-07
-6.54721e-07
-5.49231e-07
-4.63432e-07
-3.94257e-07
-3.39344e-07
-2.97022e-07
-0.047608
-0.043184
-3.39869
-6.33554
-9.47236
-12.5402
-15.3304
-17.6341
-19.2706
-20.1251
-20.1753
-19.4955
-18.2357
-16.5838
-14.7271
-12.8243
-10.9918
-9.30379
-7.79832
-6.48742
-5.36598
-4.41904
-3.62707
-2.96923
-2.42546
-1.97747
-1.60916
-1.30676
-1.05861
-0.855028
-0.688017
-0.551024
-0.438707
-0.34673
-0.271585
-0.210425
-0.160938
-0.121226
-0.08971
-0.0650526
-0.0460986
-0.0318341
-0.0213619
-0.0138897
-0.00872709
-0.00528608
-0.00308183
-0.00172973
-0.000938131
-0.000496838
-0.000262591
-0.00014359
-8.4827e-05
-5.56488e-05
-4.02506e-05
-3.11105e-05
-2.49106e-05
-2.02658e-05
-1.65959e-05
-1.3629e-05
-1.12092e-05
-9.22812e-06
-7.60301e-06
-6.26812e-06
-5.17052e-06
-4.26731e-06
-3.52363e-06
-2.91103e-06
-2.40626e-06
-1.99029e-06
-1.64749e-06
-1.36506e-06
-1.13246e-06
-9.41056e-07
-7.83747e-07
-6.5472e-07
-5.4923e-07
-4.63431e-07
-3.94257e-07
-3.39344e-07
-2.97022e-07
-0.0424135
-0.0384884
-2.46301
-4.60758
-6.93026
-9.25703
-11.4552
-13.3822
-14.8994
-15.8951
-16.3087
-16.144
-15.468
-14.3943
-13.0581
-11.5908
-10.1031
-8.67615
-7.36196
-6.18763
-5.16182
-4.28089
-3.53398
-2.90669
-2.3835
-1.94933
-1.59029
-1.29408
-1.05008
-0.849271
-0.684116
-0.548366
-0.436884
-0.345471
-0.270708
-0.20981
-0.160504
-0.120919
-0.089493
-0.0649005
-0.0459932
-0.0317625
-0.0213144
-0.0138591
-0.00870806
-0.0052747
-0.00307532
-0.00172618
-0.000936303
-0.000495948
-0.000262185
-0.000143417
-8.4758e-05
-5.5623e-05
-4.02413e-05
-3.1107e-05
-2.49091e-05
-2.02651e-05
-1.65954e-05
-1.36288e-05
-1.1209e-05
-9.228e-06
-7.60293e-06
-6.26807e-06
-5.17048e-06
-4.26728e-06
-3.52361e-06
-2.91102e-06
-2.40625e-06
-1.99028e-06
-1.64749e-06
-1.36506e-06
-1.13246e-06
-9.41055e-07
-7.83746e-07
-6.5472e-07
-5.4923e-07
-4.63431e-07
-3.94257e-07
-3.39344e-07
-2.97022e-07
-0.0378057
-0.0343184
-1.79112
-3.3602
-5.07868
-6.83347
-8.54165
-10.1093
-11.4366
-12.431
-13.0237
-13.1836
-12.9251
-12.3042
-11.4064
-10.3295
-9.16734
-7.99835
-6.8804
-5.85067
-4.92881
-4.12119
-3.42525
-2.833
-2.33372
-1.91576
-1.56767
-1.27883
-1.03978
-0.842302
-0.679382
-0.545135
-0.434665
-0.343936
-0.269638
-0.209059
-0.159974
-0.120543
-0.0892278
-0.0647143
-0.0458643
-0.0316749
-0.0212563
-0.0138217
-0.00868477
-0.00526078
-0.00306736
-0.00172185
-0.000934065
-0.00049486
-0.000261688
-0.000143205
-8.46736e-05
-5.55913e-05
-4.02298e-05
-3.11027e-05
-2.49073e-05
-2.02642e-05
-1.65949e-05
-1.36284e-05
-1.12088e-05
-9.22785e-06
-7.60283e-06
-6.268e-06
-5.17043e-06
-4.26725e-06
-3.52359e-06
-2.911e-06
-2.40624e-06
-1.99028e-06
-1.64748e-06
-1.36505e-06
-1.13246e-06
-9.41053e-07
-7.83745e-07
-6.54719e-07
-5.49229e-07
-4.63431e-07
-3.94257e-07
-3.39344e-07
-2.97022e-07
-0.0337076
-0.0306065
-1.30657
-2.45681
-3.72793
-5.04599
-6.35992
-7.60954
-8.72631
-9.64
-10.2886
-10.6294
-10.6479
-10.3612
-9.81431
-9.07171
-8.20491
-7.28178
-6.3589
-5.47816
-4.66666
-3.93886
-3.29957
-2.74696
-2.2751
-1.87595
-1.54068
-1.26055
-1.0274
-0.833893
-0.673656
-0.541218
-0.43197
-0.34207
-0.268336
-0.208143
-0.159327
-0.120085
-0.088904
-0.064487
-0.0457068
-0.0315678
-0.0211852
-0.013776
-0.00865632
-0.00524377
-0.00305763
-0.00171655
-0.000931331
-0.00049353
-0.000261081
-0.000142946
-8.45704e-05
-5.55526e-05
-4.02158e-05
-3.10975e-05
-2.49052e-05
-2.02631e-05
-1.65943e-05
-1.3628e-05
-1.12085e-05
-9.22766e-06
-7.60271e-06
-6.26792e-06
-5.17038e-06
-4.26721e-06
-3.52356e-06
-2.91098e-06
-2.40623e-06
-1.99027e-06
-1.64748e-06
-1.36505e-06
-1.13245e-06
-9.41052e-07
-7.83744e-07
-6.54718e-07
-5.49229e-07
-4.63431e-07
-3.94257e-07
-3.39344e-07
-2.97022e-07
-0.0300545
-0.0272955
-0.955798
-1.80057
-2.7409
-3.72807
-4.73106
-5.71216
-6.62601
-7.42238
-8.05165
-8.47198
-8.65686
-8.60046
-8.31934
-7.84936
-7.23903
-6.54121
-5.80565
-5.0738
-4.37642
-3.73357
-3.15605
-2.64752
-2.20667
-1.8291
-1.50872
-1.23878
-1.01257
-0.82379
-0.666754
-0.536484
-0.428707
-0.339805
-0.266753
-0.20703
-0.158539
-0.119527
-0.0885091
-0.0642098
-0.0455147
-0.0314371
-0.0210985
-0.0137201
-0.0086216
-0.00522301
-0.00304576
-0.00171008
-0.000927995
-0.000491907
-0.00026034
-0.00014263
-8.44444e-05
-5.55054e-05
-4.01988e-05
-3.10912e-05
-2.49025e-05
-2.02617e-05
-1.65935e-05
-1.36275e-05
-1.12082e-05
-9.22744e-06
-7.60255e-06
-6.26782e-06
-5.17031e-06
-4.26717e-06
-3.52353e-06
-2.91096e-06
-2.40622e-06
-1.99026e-06
-1.64747e-06
-1.36504e-06
-1.13245e-06
-9.41049e-07
-7.83742e-07
-6.54717e-07
-5.49228e-07
-4.6343e-07
-3.94256e-07
-3.39344e-07
-2.97022e-07
-0.0267914
-0.0243362
-0.700987
-1.32253
-2.01844
-2.75633
-3.51759
-4.27909
-5.0117
-5.68105
-6.25023
-6.68396
-6.9538
-7.0432
-6.95092
-6.69171
-6.29377
-5.79387
-5.23149
-4.64352
-4.06072
-3.50598
-2.99432
-2.53392
-2.1276
-1.77444
-1.47111
-1.21299
-0.994918
-0.811704
-0.658466
-0.530782
-0.424765
-0.337064
-0.264833
-0.205677
-0.157582
-0.118848
-0.0880284
-0.0638722
-0.0452807
-0.0312779
-0.0209929
-0.0136521
-0.00857929
-0.00519772
-0.00303129
-0.0017022
-0.000923929
-0.000489929
-0.000259437
-0.000142245
-8.42909e-05
-5.54479e-05
-4.01779e-05
-3.10835e-05
-2.48993e-05
-2.02601e-05
-1.65925e-05
-1.36269e-05
-1.12078e-05
-9.22716e-06
-7.60237e-06
-6.26769e-06
-5.17022e-06
-4.26711e-06
-3.52349e-06
-2.91094e-06
-2.4062e-06
-1.99025e-06
-1.64746e-06
-1.36504e-06
-1.13245e-06
-9.41047e-07
-7.83741e-07
-6.54716e-07
-5.49227e-07
-4.63429e-07
-3.94256e-07
-3.39343e-07
-2.97022e-07
-0.0238713
-0.0216868
-0.515326
-0.973432
-1.48878
-2.03964
-2.61499
-3.20094
-3.77924
-4.3272
-4.8188
-5.22677
-5.52587
-5.69656
-5.72851
-5.62276
-5.39191
-5.05809
-4.64933
-4.19536
-3.72389
-3.25797
-2.81483
-2.40584
-2.03725
-1.71127
-1.42725
-1.18268
-0.974024
-0.79732
-0.648556
-0.523938
-0.420019
-0.333754
-0.262512
-0.204039
-0.15642
-0.118023
-0.0874441
-0.0634615
-0.0449959
-0.0310842
-0.0208643
-0.0135693
-0.00852778
-0.00516693
-0.00301368
-0.00169261
-0.00091898
-0.000487521
-0.000258338
-0.000141776
-8.4104e-05
-5.53778e-05
-4.01526e-05
-3.1074e-05
-2.48953e-05
-2.02581e-05
-1.65913e-05
-1.36261e-05
-1.12073e-05
-9.22683e-06
-7.60215e-06
-6.26754e-06
-5.17012e-06
-4.26704e-06
-3.52345e-06
-2.9109e-06
-2.40618e-06
-1.99023e-06
-1.64745e-06
-1.36503e-06
-1.13244e-06
-9.41044e-07
-7.83738e-07
-6.54715e-07
-5.49226e-07
-4.63429e-07
-3.94255e-07
-3.39343e-07
-2.97021e-07
-0.0212539
-0.0193111
-0.379712
-0.717969
-1.09995
-1.51093
-1.94446
-2.39239
-2.84356
-3.28343
-3.69436
-4.05656
-4.34982
-4.55591
-4.6613
-4.65958
-4.55283
-4.35156
-4.07314
-3.73908
-3.37196
-2.99275
-2.61891
-2.26353
-1.93531
-1.63907
-1.37655
-1.14731
-0.94946
-0.780299
-0.636766
-0.515758
-0.414324
-0.329771
-0.259709
-0.202057
-0.155012
-0.117022
-0.0867346
-0.0629626
-0.0446498
-0.0308487
-0.020708
-0.0134686
-0.00846516
-0.00512949
-0.00299226
-0.00168095
-0.000912961
-0.000484593
-0.000257002
-0.000141206
-8.38767e-05
-5.52926e-05
-4.01217e-05
-3.10626e-05
-2.48905e-05
-2.02557e-05
-1.65899e-05
-1.36252e-05
-1.12067e-05
-9.22642e-06
-7.60187e-06
-6.26736e-06
-5.17e-06
-4.26696e-06
-3.52339e-06
-2.91087e-06
-2.40615e-06
-1.99021e-06
-1.64744e-06
-1.36502e-06
-1.13244e-06
-9.4104e-07
-7.83736e-07
-6.54713e-07
-5.49225e-07
-4.63428e-07
-3.94255e-07
-3.39342e-07
-2.97021e-07
-0.0189043
-0.0171779
-0.280499
-0.530796
-0.814324
-1.12097
-1.44704
-1.78786
-2.13675
-2.48464
-2.81996
-3.12898
-3.3966
-3.60776
-3.74924
-3.81163
-3.791
-3.68981
-3.51672
-3.28537
-3.01232
-2.71487
-2.40897
-2.10799
-1.82195
-1.55756
-1.31859
-1.10643
-0.920807
-0.760289
-0.622814
-0.506026
-0.407518
-0.324992
-0.256337
-0.199665
-0.153311
-0.11581
-0.0858748
-0.0623574
-0.0442298
-0.0305629
-0.0205183
-0.0133464
-0.00838911
-0.00508402
-0.00296626
-0.00166679
-0.000905653
-0.000481037
-0.000255378
-0.000140513
-8.36006e-05
-5.51891e-05
-4.00842e-05
-3.10486e-05
-2.48846e-05
-2.02527e-05
-1.65881e-05
-1.36241e-05
-1.12059e-05
-9.22593e-06
-7.60154e-06
-6.26713e-06
-5.16985e-06
-4.26685e-06
-3.52332e-06
-2.91082e-06
-2.40612e-06
-1.99019e-06
-1.64743e-06
-1.36501e-06
-1.13243e-06
-9.41035e-07
-7.83733e-07
-6.54711e-07
-5.49224e-07
-4.63427e-07
-3.94254e-07
-3.39342e-07
-2.9702e-07
-0.0183815
-0.0167032
-0.261114
-0.494194
-0.758387
-1.04443
-1.3491
-1.6683
-1.99616
-2.32458
-2.64316
-2.93936
-3.19922
-3.40853
-3.55445
-3.6273
-3.62229
-3.54044
-3.38872
-3.17905
-2.92657
-2.64753
-2.35735
-2.06923
-1.79338
-1.53681
-1.3037
-1.09586
-0.913348
-0.755053
-0.619147
-0.503457
-0.405716
-0.323723
-0.25544
-0.199028
-0.152857
-0.115487
-0.0856449
-0.0621956
-0.0441174
-0.0304864
-0.0204675
-0.0133136
-0.00836876
-0.00507185
-0.0029593
-0.00166299
-0.000903697
-0.000480085
-0.000254944
-0.000140328
-8.35267e-05
-5.51613e-05
-4.00742e-05
-3.10449e-05
-2.48831e-05
-2.02519e-05
-1.65877e-05
-1.36238e-05
-1.12057e-05
-9.2258e-06
-7.60145e-06
-6.26707e-06
-5.16981e-06
-4.26683e-06
-3.5233e-06
-2.91081e-06
-2.40611e-06
-1.99019e-06
-1.64742e-06
-1.36501e-06
-1.13243e-06
-9.41034e-07
-7.83732e-07
-6.5471e-07
-5.49223e-07
-4.63426e-07
-3.94254e-07
-3.39342e-07
-2.9702e-07
-0.0178342
-0.0162061
-0.241786
-0.457689
-0.702572
-0.968003
-1.25119
-1.54862
-1.85515
-2.16366
-2.46486
-2.74742
-2.99855
-3.20494
-3.35421
-3.4366
-3.44653
-3.3837
-3.25341
-3.06585
-2.83462
-2.57484
-2.30128
-2.02691
-1.76202
-1.51394
-1.28723
-1.08412
-0.905046
-0.749211
-0.615047
-0.500582
-0.403696
-0.322299
-0.254432
-0.198311
-0.152346
-0.115122
-0.0853861
-0.0620133
-0.0439909
-0.0304002
-0.0204103
-0.0132768
-0.00834583
-0.00505814
-0.00295146
-0.00165872
-0.000901492
-0.000479013
-0.000254454
-0.000140119
-8.34435e-05
-5.51301e-05
-4.00629e-05
-3.10407e-05
-2.48813e-05
-2.0251e-05
-1.65871e-05
-1.36235e-05
-1.12055e-05
-9.22565e-06
-7.60135e-06
-6.267e-06
-5.16976e-06
-4.2668e-06
-3.52328e-06
-2.91079e-06
-2.4061e-06
-1.99018e-06
-1.64742e-06
-1.36501e-06
-1.13243e-06
-9.41032e-07
-7.83731e-07
-6.54709e-07
-5.49223e-07
-4.63426e-07
-3.94253e-07
-3.39342e-07
-2.9702e-07
-0.017263
-0.0156875
-0.222652
-0.421542
-0.647277
-0.892231
-1.15402
-1.42966
-1.71473
-2.003
-2.28628
-2.55445
-2.79586
-2.99819
-3.14963
-3.24044
-3.26441
-3.22005
-3.11103
-2.94579
-2.73635
-2.4966
-2.24053
-1.98077
-1.72765
-1.48875
-1.26902
-1.07109
-0.895804
-0.74269
-0.610462
-0.497359
-0.401428
-0.320699
-0.253298
-0.197504
-0.15177
-0.114712
-0.0850942
-0.0618077
-0.043848
-0.0303029
-0.0203457
-0.0132352
-0.00831994
-0.00504266
-0.0029426
-0.0016539
-0.000899005
-0.000477802
-0.000253902
-0.000139883
-8.33495e-05
-5.50949e-05
-4.00501e-05
-3.1036e-05
-2.48793e-05
-2.025e-05
-1.65865e-05
-1.36231e-05
-1.12053e-05
-9.22548e-06
-7.60124e-06
-6.26693e-06
-5.16971e-06
-4.26676e-06
-3.52326e-06
-2.91078e-06
-2.40609e-06
-1.99017e-06
-1.64741e-06
-1.365e-06
-1.13242e-06
-9.41031e-07
-7.8373e-07
-6.54709e-07
-5.49222e-07
-4.63426e-07
-3.94253e-07
-3.39341e-07
-2.9702e-07
-0.0166693
-0.0151483
-0.203851
-0.386014
-0.592905
-0.817666
-1.0583
-1.31229
-1.5759
-1.84376
-2.10872
-2.36181
-2.59256
-2.78966
-2.94199
-3.03994
-3.07684
-3.05012
-2.96195
-2.81903
-2.63175
-2.41267
-2.17488
-1.93059
-1.69004
-1.46105
-1.2489
-1.05664
-0.885516
-0.73541
-0.605329
-0.493745
-0.39888
-0.318898
-0.25202
-0.196594
-0.15112
-0.114248
-0.0847643
-0.0615752
-0.0436866
-0.030193
-0.0202727
-0.0131881
-0.00829068
-0.00502517
-0.0029326
-0.00164845
-0.000896192
-0.000476434
-0.000253277
-0.000139616
-8.32432e-05
-5.5055e-05
-4.00357e-05
-3.10306e-05
-2.48771e-05
-2.02489e-05
-1.65859e-05
-1.36226e-05
-1.1205e-05
-9.22529e-06
-7.60111e-06
-6.26684e-06
-5.16965e-06
-4.26672e-06
-3.52323e-06
-2.91076e-06
-2.40608e-06
-1.99016e-06
-1.64741e-06
-1.365e-06
-1.13242e-06
-9.41029e-07
-7.83728e-07
-6.54708e-07
-5.49222e-07
-4.63425e-07
-3.94253e-07
-3.39341e-07
-2.9702e-07
-0.0160545
-0.0145898
-0.185523
-0.351368
-0.539854
-0.744858
-0.964723
-1.19739
-1.43971
-1.68713
-1.93349
-2.17093
-2.39014
-2.58086
-2.73271
-2.83638
-2.88488
-2.87474
-2.80672
-2.68587
-2.52091
-2.32298
-2.10418
-1.87614
-1.64897
-1.43061
-1.22668
-1.04062
-0.874064
-0.727281
-0.599581
-0.489687
-0.396015
-0.316869
-0.250578
-0.195567
-0.150386
-0.113723
-0.0843911
-0.0613121
-0.0435038
-0.0300685
-0.02019
-0.0131349
-0.00825753
-0.00500535
-0.00292126
-0.00164228
-0.000893006
-0.000474884
-0.000252569
-0.000139314
-8.31228e-05
-5.50098e-05
-4.00193e-05
-3.10245e-05
-2.48745e-05
-2.02476e-05
-1.65851e-05
-1.36222e-05
-1.12046e-05
-9.22507e-06
-7.60096e-06
-6.26674e-06
-5.16958e-06
-4.26668e-06
-3.5232e-06
-2.91074e-06
-2.40606e-06
-1.99015e-06
-1.6474e-06
-1.365e-06
-1.13242e-06
-9.41027e-07
-7.83727e-07
-6.54707e-07
-5.49221e-07
-4.63425e-07
-3.94253e-07
-3.39341e-07
-2.9702e-07
-0.0154203
-0.0140138
-0.167797
-0.317853
-0.488509
-0.674336
-0.873984
-1.08579
-1.30717
-1.5343
-1.76193
-1.98328
-2.19017
-2.37338
-2.52335
-2.63119
-2.68978
-2.6949
-2.64607
-2.54676
-2.40403
-2.22754
-2.0283
-1.81725
-1.60424
-1.39725
-1.20219
-1.02286
-0.86132
-0.718201
-0.593141
-0.48513
-0.392788
-0.31458
-0.24895
-0.194404
-0.149554
-0.113129
-0.0839679
-0.0610137
-0.0432964
-0.0299272
-0.0200961
-0.0130744
-0.00821992
-0.00498286
-0.0029084
-0.00163527
-0.00088939
-0.000473125
-0.000251766
-0.000138972
-8.29862e-05
-5.49586e-05
-4.00007e-05
-3.10176e-05
-2.48716e-05
-2.02461e-05
-1.65842e-05
-1.36216e-05
-1.12043e-05
-9.22482e-06
-7.6008e-06
-6.26663e-06
-5.16951e-06
-4.26663e-06
-3.52316e-06
-2.91071e-06
-2.40605e-06
-1.99014e-06
-1.64739e-06
-1.36499e-06
-1.13242e-06
-9.41024e-07
-7.83725e-07
-6.54706e-07
-5.4922e-07
-4.63424e-07
-3.94252e-07
-3.39341e-07
-2.97019e-07
-0.0147687
-0.0134219
-0.150797
-0.2857
-0.439227
-0.606594
-0.786724
-0.978304
-1.17925
-1.3864
-1.59535
-1.80033
-1.99421
-2.16885
-2.31556
-2.42596
-2.49295
-2.5118
-2.48091
-2.40232
-2.28146
-2.1265
-1.94722
-1.75379
-1.55564
-1.36075
-1.17522
-1.00321
-0.847149
-0.708062
-0.585925
-0.480007
-0.389153
-0.311996
-0.247108
-0.193087
-0.148611
-0.112454
-0.0834873
-0.0606747
-0.0430607
-0.0297666
-0.0199895
-0.0130057
-0.00817716
-0.00495729
-0.00289377
-0.00162731
-0.00088528
-0.000471125
-0.000250853
-0.000138582
-8.28309e-05
-5.49003e-05
-3.99796e-05
-3.10097e-05
-2.48683e-05
-2.02444e-05
-1.65832e-05
-1.3621e-05
-1.12039e-05
-9.22454e-06
-7.60061e-06
-6.2665e-06
-5.16942e-06
-4.26657e-06
-3.52312e-06
-2.91069e-06
-2.40603e-06
-1.99013e-06
-1.64738e-06
-1.36499e-06
-1.13241e-06
-9.41022e-07
-7.83724e-07
-6.54704e-07
-5.49219e-07
-4.63424e-07
-3.94252e-07
-3.3934e-07
-2.97019e-07
-0.0141021
-0.0128164
-0.134631
-0.255116
-0.392327
-0.542077
-0.703525
-0.875664
-1.05684
-1.2445
-1.43499
-1.62346
-1.80382
-1.96894
-2.11104
-2.22235
-2.29597
-2.32678
-2.31234
-2.25335
-2.15372
-2.0201
-1.861
-1.68566
-1.50303
-1.32094
-1.1456
-0.981489
-0.831403
-0.696745
-0.577839
-0.474247
-0.385053
-0.309075
-0.245022
-0.191593
-0.14754
-0.111687
-0.0829406
-0.0602888
-0.0427923
-0.0295838
-0.019868
-0.0129274
-0.00812846
-0.00492817
-0.00287711
-0.00161823
-0.000880598
-0.000468847
-0.000249813
-0.000138138
-8.26539e-05
-5.48339e-05
-3.99555e-05
-3.10007e-05
-2.48645e-05
-2.02425e-05
-1.65821e-05
-1.36202e-05
-1.12034e-05
-9.22422e-06
-7.60039e-06
-6.26636e-06
-5.16932e-06
-4.2665e-06
-3.52308e-06
-2.91066e-06
-2.40601e-06
-1.99012e-06
-1.64738e-06
-1.36498e-06
-1.13241e-06
-9.41019e-07
-7.83721e-07
-6.54703e-07
-5.49218e-07
-4.63423e-07
-3.94251e-07
-3.3934e-07
-2.97019e-07
-0.013423
-0.0121994
-0.119393
-0.226279
-0.348084
-0.481168
-0.624892
-0.778507
-0.940736
-1.10955
-1.28197
-1.45399
-1.62046
-1.77525
-1.91149
-2.02209
-2.10047
-2.14137
-2.14163
-2.10084
-2.02149
-1.90876
-1.76981
-1.61289
-1.44631
-1.27764
-1.11315
-0.957527
-0.813929
-0.684122
-0.568779
-0.46777
-0.380429
-0.305771
-0.242656
-0.189896
-0.146321
-0.110813
-0.0823175
-0.0598487
-0.0424863
-0.0293751
-0.0197294
-0.0128381
-0.00807287
-0.00489494
-0.0028581
-0.00160788
-0.000875254
-0.000466247
-0.000248626
-0.000137631
-8.24519e-05
-5.47581e-05
-3.99281e-05
-3.09905e-05
-2.48602e-05
-2.02403e-05
-1.65808e-05
-1.36194e-05
-1.12028e-05
-9.22386e-06
-7.60015e-06
-6.26619e-06
-5.16921e-06
-4.26642e-06
-3.52303e-06
-2.91062e-06
-2.40599e-06
-1.9901e-06
-1.64736e-06
-1.36497e-06
-1.1324e-06
-9.41015e-07
-7.83719e-07
-6.54701e-07
-5.49217e-07
-4.63422e-07
-3.94251e-07
-3.3934e-07
-2.97019e-07
-0.0127341
-0.0115735
-0.105157
-0.199331
-0.306718
-0.424176
-0.551236
-0.687364
-0.8316
-0.982362
-1.13728
-1.29308
-1.4455
-1.58931
-1.71856
-1.82691
-1.90819
-1.95716
-1.9702
-1.94595
-1.88564
-1.79303
-1.67396
-1.53556
-1.38542
-1.23073
-1.07769
-0.931156
-0.794571
-0.670057
-0.558634
-0.460486
-0.375209
-0.30203
-0.239971
-0.187966
-0.144933
-0.109816
-0.0816061
-0.0593461
-0.0421365
-0.0291367
-0.0195709
-0.0127359
-0.00800933
-0.00485694
-0.00283637
-0.00159604
-0.000869145
-0.000463274
-0.000247269
-0.000137052
-8.22209e-05
-5.46714e-05
-3.98966e-05
-3.09788e-05
-2.48553e-05
-2.02378e-05
-1.65793e-05
-1.36185e-05
-1.12022e-05
-9.22344e-06
-7.59987e-06
-6.266e-06
-5.16908e-06
-4.26634e-06
-3.52297e-06
-2.91058e-06
-2.40596e-06
-1.99008e-06
-1.64735e-06
-1.36496e-06
-1.1324e-06
-9.41011e-07
-7.83716e-07
-6.54699e-07
-5.49216e-07
-4.63421e-07
-3.9425e-07
-3.39339e-07
-2.97018e-07
-0.0120381
-0.0109412
-0.0919753
-0.174373
-0.268389
-0.371331
-0.482867
-0.602637
-0.729947
-0.863596
-1.00173
-1.14172
-1.28009
-1.41248
-1.5338
-1.63846
-1.72084
-1.77584
-1.79959
-1.79
-1.7472
-1.67366
-1.57389
-1.4539
-1.32042
-1.18015
-1.0391
-0.902216
-0.773172
-0.654409
-0.547285
-0.452297
-0.369316
-0.297792
-0.236921
-0.185769
-0.14335
-0.108678
-0.0807927
-0.0587709
-0.041736
-0.0288636
-0.0193894
-0.0126189
-0.00793653
-0.00481341
-0.00281147
-0.00158248
-0.000862146
-0.000459868
-0.000245714
-0.000136388
-8.19563e-05
-5.45721e-05
-3.98606e-05
-3.09653e-05
-2.48496e-05
-2.0235e-05
-1.65776e-05
-1.36174e-05
-1.12015e-05
-9.22295e-06
-7.59954e-06
-6.26578e-06
-5.16894e-06
-4.26624e-06
-3.5229e-06
-2.91053e-06
-2.40593e-06
-1.99006e-06
-1.64734e-06
-1.36495e-06
-1.13239e-06
-9.41006e-07
-7.83713e-07
-6.54697e-07
-5.49214e-07
-4.6342e-07
-3.94249e-07
-3.39339e-07
-2.97018e-07
-0.0113381
-0.0103052
-0.0798814
-0.151468
-0.233197
-0.322777
-0.419983
-0.524598
-0.63614
-0.753723
-0.87593
-1.0007
-1.12523
-1.24595
-1.35858
-1.4583
-1.54007
-1.5991
-1.63141
-1.63442
-1.60736
-1.55154
-1.47023
-1.36826
-1.25145
-1.12588
-0.997281
-0.870568
-0.749581
-0.637034
-0.534603
-0.443098
-0.362666
-0.292991
-0.233454
-0.183264
-0.141541
-0.107376
-0.079861
-0.0581116
-0.0412767
-0.0285503
-0.0191812
-0.0124847
-0.00785299
-0.00476345
-0.00278289
-0.00156691
-0.000854113
-0.00045596
-0.000243929
-0.000135627
-8.16525e-05
-5.4458e-05
-3.98192e-05
-3.09499e-05
-2.48431e-05
-2.02317e-05
-1.65757e-05
-1.36161e-05
-1.12006e-05
-9.2224e-06
-7.59917e-06
-6.26553e-06
-5.16876e-06
-4.26612e-06
-3.52282e-06
-2.91048e-06
-2.40589e-06
-1.99004e-06
-1.64732e-06
-1.36494e-06
-1.13238e-06
-9.41001e-07
-7.83709e-07
-6.54695e-07
-5.49213e-07
-4.63419e-07
-3.94248e-07
-3.39338e-07
-2.97017e-07
-0.010637
-0.0096681
-0.0688861
-0.130638
-0.20118
-0.278572
-0.362677
-0.453382
-0.550377
-0.653031
-0.760286
-0.870556
-0.981637
-1.09065
-1.19407
-1.2878
-1.36742
-1.42855
-1.46729
-1.48074
-1.46746
-1.42775
-1.36373
-1.27912
-1.17876
-1.06801
-0.952195
-0.836104
-0.723658
-0.617789
-0.520458
-0.432774
-0.355164
-0.28755
-0.22951
-0.180406
-0.139473
-0.105884
-0.0787923
-0.0573546
-0.0407491
-0.0281902
-0.0189418
-0.0123303
-0.00775694
-0.00470601
-0.00275003
-0.00154902
-0.000844877
-0.000451465
-0.000241877
-0.000134751
-8.13031e-05
-5.43268e-05
-3.97716e-05
-3.09321e-05
-2.48356e-05
-2.02278e-05
-1.65734e-05
-1.36147e-05
-1.11997e-05
-9.22176e-06
-7.59874e-06
-6.26524e-06
-5.16857e-06
-4.26599e-06
-3.52273e-06
-2.91042e-06
-2.40585e-06
-1.99001e-06
-1.6473e-06
-1.36493e-06
-1.13237e-06
-9.40995e-07
-7.83705e-07
-6.54692e-07
-5.49211e-07
-4.63418e-07
-3.94247e-07
-3.39337e-07
-2.97017e-07
-0.00993762
-0.00903258
-0.0589799
-0.111867
-0.172315
-0.238694
-0.31093
-0.388992
-0.472698
-0.561619
-0.654991
-0.751623
-0.849811
-0.947285
-1.04118
-1.1281
-1.20426
-1.26572
-1.30882
-1.33052
-1.3289
-1.30347
-1.25534
-1.18715
-1.10274
-1.00671
-0.903871
-0.79876
-0.695289
-0.596541
-0.504718
-0.421207
-0.346708
-0.281386
-0.225024
-0.177144
-0.137105
-0.104173
-0.0775647
-0.0564841
-0.040142
-0.0277758
-0.0186661
-0.0121526
-0.00764634
-0.00463987
-0.0027122
-0.00152841
-0.00083424
-0.00044629
-0.000239514
-0.000133742
-8.09006e-05
-5.41757e-05
-3.97167e-05
-3.09116e-05
-2.48269e-05
-2.02234e-05
-1.65708e-05
-1.3613e-05
-1.11986e-05
-9.22102e-06
-7.59824e-06
-6.26491e-06
-5.16834e-06
-4.26584e-06
-3.52263e-06
-2.91035e-06
-2.4058e-06
-1.98997e-06
-1.64728e-06
-1.36491e-06
-1.13236e-06
-9.40988e-07
-7.837e-07
-6.54688e-07
-5.49208e-07
-4.63416e-07
-3.94246e-07
-3.39336e-07
-2.97016e-07
-0.00924276
-0.00840113
-0.0501353
-0.0951041
-0.146527
-0.203045
-0.264631
-0.331308
-0.402992
-0.479411
-0.560031
-0.643981
-0.729977
-0.816259
-0.900554
-0.980093
-1.05169
-1.11194
-1.15746
-1.18526
-1.19314
-1.18
-1.14611
-1.09312
-1.02393
-0.942292
-0.852428
-0.758528
-0.664392
-0.57317
-0.487253
-0.408273
-0.337189
-0.274409
-0.219921
-0.173419
-0.134394
-0.102208
-0.0761529
-0.0554819
-0.0394425
-0.027298
-0.0183483
-0.0119477
-0.00751877
-0.00456358
-0.00266855
-0.00150464
-0.00082197
-0.000440319
-0.000236787
-0.000132578
-8.04362e-05
-5.40012e-05
-3.96533e-05
-3.08879e-05
-2.48169e-05
-2.02183e-05
-1.65678e-05
-1.3611e-05
-1.11973e-05
-9.22016e-06
-7.59766e-06
-6.26452e-06
-5.16808e-06
-4.26566e-06
-3.52251e-06
-2.91027e-06
-2.40574e-06
-1.98994e-06
-1.64725e-06
-1.3649e-06
-1.13235e-06
-9.4098e-07
-7.83695e-07
-6.54685e-07
-5.49206e-07
-4.63414e-07
-3.94245e-07
-3.39335e-07
-2.97015e-07
-0.00855501
-0.00777612
-0.0423084
-0.0802667
-0.123694
-0.171461
-0.223576
-0.280098
-0.341013
-0.406164
-0.475197
-0.547495
-0.622112
-0.697714
-0.772536
-0.844365
-0.91059
-0.968307
-1.01452
-1.04639
-1.06161
-1.05869
-1.0372
-0.997972
-0.942981
-0.875167
-0.79808
-0.715471
-0.630927
-0.547581
-0.467944
-0.39385
-0.326495
-0.266518
-0.214119
-0.169165
-0.131286
-0.0999508
-0.0745276
-0.0543267
-0.0386354
-0.0267464
-0.0179813
-0.0117109
-0.00737142
-0.00447545
-0.00261814
-0.00147717
-0.000807797
-0.000433421
-0.000233637
-0.000131233
-7.98996e-05
-5.37995e-05
-3.95799e-05
-3.08604e-05
-2.48052e-05
-2.02124e-05
-1.65643e-05
-1.36088e-05
-1.11958e-05
-9.21916e-06
-7.59699e-06
-6.26406e-06
-5.16777e-06
-4.26545e-06
-3.52237e-06
-2.91017e-06
-2.40568e-06
-1.98989e-06
-1.64722e-06
-1.36487e-06
-1.13234e-06
-9.4097e-07
-7.83688e-07
-6.5468e-07
-5.49202e-07
-4.63412e-07
-3.94243e-07
-3.39334e-07
-2.97015e-07
-0.00787671
-0.00715968
-0.0354423
-0.067248
-0.103652
-0.143725
-0.187493
-0.235041
-0.286399
-0.341495
-0.400111
-0.461825
-0.52596
-0.591529
-0.657189
-0.721212
-0.7815
-0.835645
-0.881056
-0.915162
-0.935673
-0.940864
-0.929842
-0.902724
-0.860692
-0.805884
-0.741152
-0.669736
-0.594916
-0.519714
-0.446686
-0.377819
-0.314507
-0.257609
-0.207528
-0.164309
-0.127724
-0.0973556
-0.0726549
-0.0529936
-0.0377032
-0.026109
-0.017557
-0.0114372
-0.00720102
-0.00437354
-0.00255983
-0.00144541
-0.000791403
-0.000425443
-0.000229994
-0.000129677
-7.92786e-05
-5.35661e-05
-3.9495e-05
-3.08286e-05
-2.47917e-05
-2.02055e-05
-1.65602e-05
-1.36062e-05
-1.11941e-05
-9.218e-06
-7.59621e-06
-6.26354e-06
-5.16742e-06
-4.26521e-06
-3.5222e-06
-2.91006e-06
-2.4056e-06
-1.98984e-06
-1.64719e-06
-1.36485e-06
-1.13232e-06
-9.40959e-07
-7.83681e-07
-6.54675e-07
-5.49199e-07
-4.6341e-07
-3.94242e-07
-3.39333e-07
-2.97014e-07
-0.0072099
-0.00655365
-0.0294696
-0.0559214
-0.0862096
-0.119573
-0.156052
-0.195739
-0.238695
-0.284907
-0.334254
-0.386461
-0.441061
-0.497342
-0.554306
-0.610633
-0.664675
-0.714481
-0.757878
-0.792605
-0.816511
-0.827796
-0.825253
-0.808472
-0.777955
-0.735103
-0.682081
-0.621564
-0.556446
-0.489553
-0.423404
-0.36007
-0.301109
-0.24757
-0.200051
-0.158768
-0.123642
-0.0943712
-0.0704962
-0.0514542
-0.0366256
-0.0253716
-0.017066
-0.0111204
-0.00700376
-0.00425555
-0.00249232
-0.00140864
-0.000772423
-0.000416206
-0.000225775
-0.000127875
-7.85593e-05
-5.32956e-05
-3.93965e-05
-3.07917e-05
-2.4776e-05
-2.01975e-05
-1.65554e-05
-1.36031e-05
-1.1192e-05
-9.21665e-06
-7.5953e-06
-6.26292e-06
-5.167e-06
-4.26493e-06
-3.52201e-06
-2.90993e-06
-2.40552e-06
-1.98978e-06
-1.64715e-06
-1.36482e-06
-1.1323e-06
-9.40946e-07
-7.83672e-07
-6.54669e-07
-5.49195e-07
-4.63407e-07
-3.9424e-07
-3.39331e-07
-2.97012e-07
-0.00655622
-0.00595955
-0.0243162
-0.0461467
-0.0711527
-0.0987146
-0.128879
-0.161741
-0.197377
-0.235812
-0.276993
-0.320755
-0.366785
-0.414588
-0.463438
-0.512353
-0.560066
-0.605036
-0.645486
-0.679491
-0.705117
-0.72061
-0.724603
-0.716321
-0.695728
-0.663587
-0.62141
-0.571292
-0.515686
-0.457137
-0.39805
-0.340513
-0.28619
-0.23629
-0.191582
-0.152452
-0.118966
-0.0909397
-0.0680071
-0.0496759
-0.0353792
-0.0245181
-0.0164974
-0.0107534
-0.00677524
-0.00411884
-0.00241411
-0.00136603
-0.00075043
-0.000405501
-0.000220885
-0.000125786
-7.77253e-05
-5.29818e-05
-3.92821e-05
-3.07487e-05
-2.47577e-05
-2.01881e-05
-1.65498e-05
-1.35995e-05
-1.11897e-05
-9.21506e-06
-7.59424e-06
-6.26221e-06
-5.16652e-06
-4.2646e-06
-3.52179e-06
-2.90978e-06
-2.40541e-06
-1.98971e-06
-1.6471e-06
-1.36479e-06
-1.13228e-06
-9.40931e-07
-7.83661e-07
-6.54662e-07
-5.4919e-07
-4.63403e-07
-3.94237e-07
-3.3933e-07
-2.97011e-07
-0.00591689
-0.00537845
-0.0199037
-0.037776
-0.0582549
-0.0808397
-0.105578
-0.132563
-0.161875
-0.193563
-0.227618
-0.263952
-0.30237
-0.342534
-0.383936
-0.425858
-0.467352
-0.50723
-0.544076
-0.5763
-0.602228
-0.620239
-0.628937
-0.62733
-0.61499
-0.592161
-0.55977
-0.519352
-0.472883
-0.422569
-0.370624
-0.319079
-0.269647
-0.223653
-0.182013
-0.145265
-0.113614
-0.0869958
-0.0651375
-0.0476213
-0.0339371
-0.0235297
-0.0158386
-0.0103281
-0.00651037
-0.0039604
-0.00232345
-0.00131664
-0.000724934
-0.000393091
-0.000215216
-0.000123364
-7.67579e-05
-5.26175e-05
-3.91492e-05
-3.06986e-05
-2.47364e-05
-2.01772e-05
-1.65433e-05
-1.35953e-05
-1.11869e-05
-9.21321e-06
-7.59299e-06
-6.26136e-06
-5.16595e-06
-4.26421e-06
-3.52153e-06
-2.9096e-06
-2.40529e-06
-1.98963e-06
-1.64704e-06
-1.36475e-06
-1.13225e-06
-9.40913e-07
-7.83649e-07
-6.54653e-07
-5.49184e-07
-4.63399e-07
-3.94234e-07
-3.39328e-07
-2.97009e-07
-0.00529258
-0.00481101
-0.0161522
-0.0306582
-0.0472848
-0.0656307
-0.0857416
-0.107703
-0.131595
-0.157476
-0.185368
-0.215234
-0.246959
-0.280326
-0.314987
-0.350433
-0.385973
-0.42071
-0.453548
-0.48321
-0.508296
-0.527376
-0.53912
-0.542448
-0.536682
-0.52167
-0.497853
-0.46625
-0.428362
-0.386016
-0.341169
-0.295729
-0.251393
-0.209551
-0.171232
-0.137103
-0.107499
-0.0824672
-0.0618311
-0.0452484
-0.0322689
-0.0223853
-0.0150754
-0.00983519
-0.00620338
-0.00377673
-0.00221835
-0.00125939
-0.000695375
-0.000378702
-0.000208642
-0.000120555
-7.56355e-05
-5.21946e-05
-3.89947e-05
-3.06403e-05
-2.47114e-05
-2.01643e-05
-1.65357e-05
-1.35904e-05
-1.11837e-05
-9.21103e-06
-7.59153e-06
-6.26038e-06
-5.16528e-06
-4.26376e-06
-3.52122e-06
-2.90939e-06
-2.40515e-06
-1.98953e-06
-1.64698e-06
-1.36471e-06
-1.13222e-06
-9.40892e-07
-7.83635e-07
-6.54643e-07
-5.49177e-07
-4.63394e-07
-3.94231e-07
-3.39325e-07
-2.97007e-07
-0.0046834
-0.0042573
-0.0129825
-0.0246435
-0.0380128
-0.0527712
-0.0689607
-0.086657
-0.105936
-0.126858
-0.149461
-0.17374
-0.199638
-0.227022
-0.255662
-0.285209
-0.315169
-0.344886
-0.37353
-0.400105
-0.423478
-0.442439
-0.455788
-0.462458
-0.461644
-0.452927
-0.43637
-0.412548
-0.382516
-0.347706
-0.309781
-0.270458
-0.231358
-0.19388
-0.159124
-0.127857
-0.100523
-0.0772743
-0.0580251
-0.0425098
-0.0303404
-0.0210609
-0.0141916
-0.00926426
-0.0058477
-0.00356391
-0.00209656
-0.00119303
-0.000661118
-0.000362025
-0.000201021
-0.000117298
-7.43334e-05
-5.17036e-05
-3.88151e-05
-3.05723e-05
-2.46822e-05
-2.01493e-05
-1.65267e-05
-1.35847e-05
-1.11798e-05
-9.20847e-06
-7.5898e-06
-6.25922e-06
-5.16449e-06
-4.26323e-06
-3.52086e-06
-2.90915e-06
-2.40498e-06
-1.98942e-06
-1.6469e-06
-1.36465e-06
-1.13219e-06
-9.40868e-07
-7.83618e-07
-6.54632e-07
-5.49169e-07
-4.63389e-07
-3.94227e-07
-3.39322e-07
-2.97005e-07
-0.00408876
-0.00371679
-0.0103178
-0.0195865
-0.0302156
-0.0419538
-0.0548379
-0.0689336
-0.0843082
-0.101021
-0.119114
-0.138605
-0.159471
-0.181636
-0.204959
-0.229204
-0.254031
-0.278969
-0.30341
-0.326596
-0.347641
-0.365555
-0.37931
-0.387922
-0.390558
-0.386651
-0.375994
-0.358813
-0.33577
-0.307918
-0.276597
-0.243295
-0.209495
-0.17655
-0.145579
-0.117415
-0.0925848
-0.0713309
-0.0536511
-0.0393533
-0.0281136
-0.0195299
-0.0131692
-0.00860354
-0.00543601
-0.00331755
-0.00195557
-0.00111621
-0.000621454
-0.000342712
-0.000192194
-0.000113524
-7.2824e-05
-5.11338e-05
-3.86062e-05
-3.04931e-05
-2.4648e-05
-2.01316e-05
-1.65161e-05
-1.35779e-05
-1.11753e-05
-9.20546e-06
-7.58778e-06
-6.25785e-06
-5.16357e-06
-4.2626e-06
-3.52043e-06
-2.90886e-06
-2.40479e-06
-1.98929e-06
-1.64681e-06
-1.36459e-06
-1.13214e-06
-9.40839e-07
-7.83598e-07
-6.54618e-07
-5.4916e-07
-4.63382e-07
-3.94222e-07
-3.39319e-07
-2.97003e-07
-0.00350722
-0.00318818
-0.00808486
-0.0153486
-0.02368
-0.032884
-0.0429919
-0.0540587
-0.0661422
-0.079296
-0.0935632
-0.10897
-0.125515
-0.143164
-0.161829
-0.181362
-0.201533
-0.222016
-0.242375
-0.262051
-0.280372
-0.296557
-0.309763
-0.319135
-0.323888
-0.3234
-0.317305
-0.305574
-0.288551
-0.266948
-0.241788
-0.214296
-0.185776
-0.157477
-0.130488
-0.105661
-0.0835769
-0.0645451
-0.0486348
-0.0357224
-0.0255468
-0.0177629
-0.0119885
-0.00784018
-0.00496026
-0.00303282
-0.00179261
-0.00102741
-0.0005756
-0.000320383
-0.000181987
-0.000109158
-7.10766e-05
-5.04734e-05
-3.83636e-05
-3.04006e-05
-2.4608e-05
-2.01108e-05
-1.65037e-05
-1.35698e-05
-1.117e-05
-9.2019e-06
-7.58538e-06
-6.25623e-06
-5.16248e-06
-4.26186e-06
-3.51993e-06
-2.90852e-06
-2.40456e-06
-1.98913e-06
-1.6467e-06
-1.36452e-06
-1.13209e-06
-9.40805e-07
-7.83575e-07
-6.54602e-07
-5.49149e-07
-4.63375e-07
-3.94217e-07
-3.39315e-07
-2.96999e-07
-0.00293635
-0.00266926
-0.00621449
-0.0117983
-0.0182041
-0.0252828
-0.0330603
-0.0415811
-0.0508932
-0.0610423
-0.0720681
-0.0839993
-0.0968474
-0.110599
-0.125209
-0.140584
-0.156575
-0.172964
-0.189447
-0.205625
-0.221003
-0.234991
-0.246925
-0.2561
-0.261829
-0.263512
-0.260716
-0.253251
-0.241227
-0.225075
-0.205524
-0.183531
-0.160185
-0.136588
-0.113744
-0.0924804
-0.0733895
-0.0568211
-0.0428981
-0.0315566
-0.0225958
-0.0157289
-0.0106282
-0.00696038
-0.00441181
-0.00270454
-0.0016047
-0.000925006
-0.000522715
-0.000294626
-0.000170209
-0.000104119
-6.90579e-05
-4.97094e-05
-3.8082e-05
-3.02929e-05
-2.45611e-05
-2.00864e-05
-1.6489e-05
-1.35604e-05
-1.11637e-05
-9.1977e-06
-7.58256e-06
-6.25433e-06
-5.16119e-06
-4.26099e-06
-3.51934e-06
-2.90812e-06
-2.40428e-06
-1.98894e-06
-1.64657e-06
-1.36443e-06
-1.13203e-06
-9.40764e-07
-7.83547e-07
-6.54583e-07
-5.49136e-07
-4.63365e-07
-3.9421e-07
-3.3931e-07
-2.96996e-07
-0.00237241
-0.00215663
-0.00464114
-0.00881161
-0.0135967
-0.0188858
-0.0246992
-0.0310717
-0.0380411
-0.0456448
-0.0539164
-0.0628829
-0.0725604
-0.0829489
-0.094026
-0.105739
-0.117994
-0.13065
-0.143503
-0.156279
-0.168627
-0.180119
-0.190256
-0.19849
-0.204259
-0.207038
-0.206399
-0.20208
-0.194041
-0.182499
-0.167933
-0.151049
-0.132702
-0.113809
-0.0952451
-0.0777578
-0.0619113
-0.0480611
-0.036361
-0.0267941
-0.0192148
-0.0133954
-0.00906645
-0.00594985
-0.00378171
-0.00232732
-0.00138876
-0.000807312
-0.000461925
-0.000265012
-0.000156663
-9.83191e-05
-6.67326e-05
-4.88277e-05
-3.77561e-05
-3.01675e-05
-2.45061e-05
-2.00575e-05
-1.64716e-05
-1.35492e-05
-1.11563e-05
-9.19272e-06
-7.57921e-06
-6.25207e-06
-5.15966e-06
-4.25995e-06
-3.51864e-06
-2.90764e-06
-2.40396e-06
-1.98872e-06
-1.64642e-06
-1.36433e-06
-1.13196e-06
-9.40716e-07
-7.83514e-07
-6.54561e-07
-5.4912e-07
-4.63355e-07
-3.94203e-07
-3.39304e-07
-2.96991e-07
-0.00180991
-0.00164531
-0.00330174
-0.00626884
-0.00967361
-0.0134378
-0.0175764
-0.0221149
-0.0270817
-0.0325049
-0.0384109
-0.0448222
-0.0517545
-0.0592136
-0.0671909
-0.0756581
-0.0845605
-0.09381
-0.103277
-0.112782
-0.12209
-0.130906
-0.13888
-0.145612
-0.150679
-0.153663
-0.154199
-0.15202
-0.147015
-0.139261
-0.129042
-0.116837
-0.103272
-0.0890524
-0.0748794
-0.0613767
-0.049032
-0.0381687
-0.0289448
-0.0213738
-0.0153589
-0.0107307
-0.00728171
-0.00479451
-0.00306115
-0.00189588
-0.00114175
-0.000672661
-0.000392365
-0.000231117
-0.000141153
-9.16741e-05
-6.40651e-05
-4.78139e-05
-3.73799e-05
-3.00218e-05
-2.44417e-05
-2.00236e-05
-1.64511e-05
-1.35359e-05
-1.11475e-05
-9.18683e-06
-7.57524e-06
-6.24939e-06
-5.15785e-06
-4.25873e-06
-3.5178e-06
-2.90707e-06
-2.40357e-06
-1.98846e-06
-1.64625e-06
-1.36421e-06
-1.13188e-06
-9.4066e-07
-7.83476e-07
-6.54534e-07
-5.49102e-07
-4.63342e-07
-3.94194e-07
-3.39298e-07
-2.96986e-07
-0.00124091
-0.00112807
-0.00213302
-0.00404996
-0.00624985
-0.00868232
-0.0113574
-0.014292
-0.0175049
-0.0210153
-0.0248413
-0.0289992
-0.0335012
-0.038354
-0.0435557
-0.0490927
-0.0549357
-0.0610347
-0.0673137
-0.0736655
-0.0799468
-0.0859742
-0.0915243
-0.096338
-0.100131
-0.102615
-0.10352
-0.102636
-0.0998419
-0.095142
-0.0886831
-0.0807541
-0.0717614
-0.0621846
-0.0525186
-0.0432167
-0.0346446
-0.0270539
-0.0205771
-0.0152406
-0.0109876
-0.00770619
-0.00525458
-0.00348172
-0.00224218
-0.00140544
-0.000860906
-0.000519548
-0.00031325
-0.000192554
-0.000123497
-8.41036e-05
-6.10214e-05
-4.6654e-05
-3.69472e-05
-2.98529e-05
-2.43663e-05
-1.99835e-05
-1.64268e-05
-1.35202e-05
-1.11371e-05
-9.17983e-06
-7.57053e-06
-6.24621e-06
-5.1557e-06
-4.25727e-06
-3.51681e-06
-2.9064e-06
-2.40312e-06
-1.98815e-06
-1.64603e-06
-1.36406e-06
-1.13178e-06
-9.40592e-07
-7.83429e-07
-6.54502e-07
-5.4908e-07
-4.63327e-07
-3.94183e-07
-3.3929e-07
-2.9698e-07
-0.000653782
-0.000594343
-0.00106607
-0.00202417
-0.00312377
-0.00433974
-0.0056772
-0.00714474
-0.00875199
-0.0105088
-0.0124246
-0.0145081
-0.0167662
-0.0192032
-0.0218194
-0.0246098
-0.0275616
-0.0306524
-0.0338473
-0.0370957
-0.0403293
-0.0434596
-0.0463767
-0.0489516
-0.05104
-0.0524912
-0.0531612
-0.0529302
-0.051721
-0.0495179
-0.0463786
-0.042437
-0.0378937
-0.0329937
-0.0279974
-0.0231485
-0.0186483
-0.0146389
-0.0111994
-0.00835106
-0.00606979
-0.00430038
-0.00297053
-0.00200203
-0.00131887
-0.000852414
-0.000544175
-0.000346832
-0.00022398
-0.000149023
-0.000103555
-7.55433e-05
-5.75733e-05
-4.53354e-05
-3.64522e-05
-2.96577e-05
-2.42782e-05
-1.99363e-05
-1.63981e-05
-1.35015e-05
-1.11247e-05
-9.17152e-06
-7.56493e-06
-6.24243e-06
-5.15314e-06
-4.25553e-06
-3.51564e-06
-2.9056e-06
-2.40257e-06
-1.98778e-06
-1.64578e-06
-1.36389e-06
-1.13167e-06
-9.40512e-07
-7.83375e-07
-6.54465e-07
-5.49054e-07
-4.63308e-07
-3.9417e-07
-3.3928e-07
-2.96973e-07
-3.10827e-05
-2.8282e-05
-1.54859e-05
-2.94073e-05
-4.53931e-05
-6.30866e-05
-8.25741e-05
-0.000103999
-0.000127526
-0.000153336
-0.000181618
-0.00021257
-0.000246389
-0.000283272
-0.000323401
-0.000366937
-0.000414
-0.000464656
-0.000518887
-0.000576563
-0.000637404
-0.000700941
-0.00076647
-0.000833005
-0.000899242
-0.000963537
-0.0010239
-0.00107805
-0.0011235
-0.00115767
-0.00117816
-0.00118294
-0.0011706
-0.00114062
-0.00109349
-0.00103077
-0.000954986
-0.000869451
-0.000777922
-0.000684264
-0.0005921
-0.000504521
-0.000423895
-0.000351777
-0.000288925
-0.000235402
-0.000190725
-0.000154042
-0.0001243
-0.000100391
-8.12573e-05
-6.59587e-05
-5.37031e-05
-4.38488e-05
-3.58898e-05
-2.94333e-05
-2.41755e-05
-1.98806e-05
-1.6364e-05
-1.34794e-05
-1.11099e-05
-9.16164e-06
-7.55828e-06
-6.23793e-06
-5.15009e-06
-4.25347e-06
-3.51424e-06
-2.90465e-06
-2.40192e-06
-1.98734e-06
-1.64548e-06
-1.36369e-06
-1.13153e-06
-9.40416e-07
-7.83309e-07
-6.5442e-07
-5.49023e-07
-4.63287e-07
-3.94155e-07
-3.39269e-07
-2.96964e-07
-1.1831e-05
-1.07808e-05
1.21569e-08
2.26253e-08
3.36765e-08
4.40862e-08
5.25015e-08
5.69429e-08
5.45133e-08
4.1035e-08
1.05692e-08
-4.52221e-08
-1.37918e-07
-2.83436e-07
-5.03451e-07
-8.27197e-07
-1.29372e-06
-1.95461e-06
-2.87727e-06
-4.1486e-06
-5.87889e-06
-8.2056e-06
-1.12963e-05
-1.53497e-05
-2.05934e-05
-2.72763e-05
-3.56538e-05
-4.59636e-05
-5.83915e-05
-7.30277e-05
-8.98171e-05
-0.00010851
-0.000128628
-0.000149444
-0.000170011
-0.000189217
-0.000205884
-0.0002189
-0.00022735
-0.000230638
-0.000228566
-0.000221361
-0.000209643
-0.000194337
-0.000176549
-0.000157431
-0.000138051
-0.0001193
-0.000101835
-8.60711e-05
-7.21973e-05
-6.02279e-05
-5.00553e-05
-4.15016e-05
-3.43605e-05
-2.8425e-05
-2.35043e-05
-1.94307e-05
-1.60609e-05
-1.32746e-05
-1.09712e-05
-9.06754e-06
-7.49436e-06
-6.19448e-06
-5.12053e-06
-4.23334e-06
-3.50052e-06
-2.8953e-06
-2.39555e-06
-1.98299e-06
-1.64251e-06
-1.36166e-06
-1.13014e-06
-9.3947e-07
-7.82661e-07
-6.53974e-07
-5.48715e-07
-4.63072e-07
-3.94002e-07
-3.39157e-07
-2.96877e-07
-7.24223e-06
-6.60925e-06
-4.84141e-07
-9.19381e-07
-1.41917e-06
-1.97239e-06
-2.58174e-06
-3.25173e-06
-3.98759e-06
-4.79501e-06
-5.68003e-06
-6.64894e-06
-7.70817e-06
-8.86412e-06
-1.01229e-05
-1.14903e-05
-1.29709e-05
-1.45682e-05
-1.62835e-05
-1.81157e-05
-2.00605e-05
-2.21094e-05
-2.42498e-05
-2.64644e-05
-2.87318e-05
-3.10281e-05
-3.33293e-05
-3.56156e-05
-3.7877e-05
-4.01193e-05
-4.23701e-05
-4.46823e-05
-4.71335e-05
-4.9818e-05
-5.28308e-05
-5.62452e-05
-6.00846e-05
-6.42969e-05
-6.87365e-05
-7.31619e-05
-7.72518e-05
-8.06413e-05
-8.29714e-05
-8.39446e-05
-8.3373e-05
-8.12098e-05
-7.7556e-05
-7.26424e-05
-6.6791e-05
-6.03649e-05
-5.37192e-05
-4.7162e-05
-4.09306e-05
-3.51844e-05
-3.00108e-05
-2.54393e-05
-2.14581e-05
-1.80295e-05
-1.51017e-05
-1.26182e-05
-1.05221e-05
-8.76037e-06
-7.28431e-06
-6.05088e-06
-5.02237e-06
-4.16626e-06
-3.45468e-06
-2.86398e-06
-2.37415e-06
-1.96837e-06
-1.63252e-06
-1.35483e-06
-1.12547e-06
-9.36272e-07
-7.80468e-07
-6.52466e-07
-5.47673e-07
-4.62345e-07
-3.93486e-07
-3.38779e-07
-2.96584e-07
-4.84109e-06
-4.42639e-06
-7.65156e-08
-1.45337e-07
-2.24437e-07
-3.12128e-07
-4.08943e-07
-5.1575e-07
-6.336e-07
-7.63713e-07
-9.07493e-07
-1.06656e-06
-1.24281e-06
-1.43843e-06
-1.656e-06
-1.89858e-06
-2.16978e-06
-2.4739e-06
-2.81608e-06
-3.2024e-06
-3.64006e-06
-4.13748e-06
-4.70439e-06
-5.35173e-06
-6.09149e-06
-6.93624e-06
-7.89835e-06
-8.98889e-06
-1.02162e-05
-1.15844e-05
-1.30915e-05
-1.47289e-05
-1.6481e-05
-1.83264e-05
-2.02405e-05
-2.21992e-05
-2.4182e-05
-2.6174e-05
-2.81654e-05
-3.0147e-05
-3.2103e-05
-3.40016e-05
-3.57877e-05
-3.73798e-05
-3.86734e-05
-3.95532e-05
-3.99107e-05
-3.96642e-05
-3.87766e-05
-3.72646e-05
-3.51985e-05
-3.26916e-05
-2.98829e-05
-2.69173e-05
-2.39283e-05
-2.1026e-05
-1.82917e-05
-1.5778e-05
-1.35123e-05
-1.15026e-05
-9.74285e-06
-8.2181e-06
-6.9082e-06
-5.7907e-06
-4.84279e-06
-4.04253e-06
-3.36957e-06
-2.8055e-06
-2.33401e-06
-1.94084e-06
-1.61365e-06
-1.3419e-06
-1.11661e-06
-9.30193e-07
-7.76293e-07
-6.49592e-07
-5.45684e-07
-4.60956e-07
-3.92499e-07
-3.38056e-07
-2.96022e-07
-3.51661e-06
-3.22227e-06
-5.47368e-08
-1.03951e-07
-1.60479e-07
-2.23075e-07
-2.92067e-07
-3.67993e-07
-4.51489e-07
-5.4326e-07
-6.44076e-07
-7.5477e-07
-8.76238e-07
-1.00944e-06
-1.15537e-06
-1.31512e-06
-1.48976e-06
-1.68044e-06
-1.88831e-06
-2.11449e-06
-2.36013e-06
-2.62631e-06
-2.9141e-06
-3.22457e-06
-3.55883e-06
-3.91817e-06
-4.30418e-06
-4.71898e-06
-5.1655e-06
-5.64771e-06
-6.17079e-06
-6.74115e-06
-7.36606e-06
-8.05306e-06
-8.80883e-06
-9.63797e-06
-1.05417e-05
-1.15167e-05
-1.25551e-05
-1.36442e-05
-1.47673e-05
-1.59047e-05
-1.70337e-05
-1.81284e-05
-1.91581e-05
-2.00862e-05
-2.08696e-05
-2.14603e-05
-2.18094e-05
-2.18741e-05
-2.16253e-05
-2.10542e-05
-2.01761e-05
-1.90299e-05
-1.76725e-05
-1.61717e-05
-1.45973e-05
-1.30133e-05
-1.14732e-05
-1.0017e-05
-8.67183e-06
-7.45273e-06
-6.3653e-06
-5.40801e-06
-4.57445e-06
-3.8552e-06
-3.23927e-06
-2.71515e-06
-2.27152e-06
-1.8977e-06
-1.58392e-06
-1.32143e-06
-1.10253e-06
-9.2051e-07
-7.69627e-07
-6.44993e-07
-5.42496e-07
-4.58726e-07
-3.90913e-07
-3.36892e-07
-2.95117e-07
-2.6673e-06
-2.45009e-06
-2.1577e-08
-4.09798e-08
-6.32716e-08
-8.79668e-08
-1.15203e-07
-1.45205e-07
-1.7824e-07
-2.14612e-07
-2.54659e-07
-2.98759e-07
-3.47333e-07
-4.00849e-07
-4.59832e-07
-5.24868e-07
-5.96614e-07
-6.75805e-07
-7.63271e-07
-8.5994e-07
-9.66855e-07
-1.08518e-06
-1.21621e-06
-1.36137e-06
-1.52219e-06
-1.70033e-06
-1.89748e-06
-2.11537e-06
-2.35564e-06
-2.61985e-06
-2.90933e-06
-3.22522e-06
-3.5685e-06
-3.94001e-06
-4.34064e-06
-4.77144e-06
-5.23368e-06
-5.72874e-06
-6.25783e-06
-6.82146e-06
-7.41873e-06
-8.04662e-06
-8.69937e-06
-9.36802e-06
-1.00402e-05
-1.07001e-05
-1.13286e-05
-1.19032e-05
-1.23989e-05
-1.27884e-05
-1.30447e-05
-1.31435e-05
-1.30666e-05
-1.28056e-05
-1.23642e-05
-1.17586e-05
-1.10162e-05
-1.01719e-05
-9.26439e-06
-8.33126e-06
-7.40597e-06
-6.5156e-06
-5.68004e-06
-4.91223e-06
-4.21902e-06
-3.60236e-06
-3.0606e-06
-2.58958e-06
-2.18368e-06
-1.8365e-06
-1.54141e-06
-1.29198e-06
-1.08215e-06
-9.0643e-07
-7.59898e-07
-6.38259e-07
-5.37816e-07
-4.55446e-07
-3.88576e-07
-3.35174e-07
-2.93781e-07
-2.08726e-06
-1.92267e-06
-1.24429e-08
-2.36312e-08
-3.64837e-08
-5.0719e-08
-6.64139e-08
-8.36946e-08
-1.0271e-07
-1.23629e-07
-1.46636e-07
-1.71934e-07
-1.99748e-07
-2.30321e-07
-2.6392e-07
-3.00835e-07
-3.41383e-07
-3.85905e-07
-4.34774e-07
-4.88392e-07
-5.47194e-07
-6.1165e-07
-6.82268e-07
-7.59603e-07
-8.4426e-07
-9.36902e-07
-1.03827e-06
-1.14919e-06
-1.27059e-06
-1.40353e-06
-1.54918e-06
-1.70883e-06
-1.88388e-06
-2.07576e-06
-2.28588e-06
-2.51557e-06
-2.76595e-06
-3.0379e-06
-3.33202e-06
-3.64856e-06
-3.98739e-06
-4.34794e-06
-4.72893e-06
-5.1282e-06
-5.54228e-06
-5.96606e-06
-6.3924e-06
-6.81193e-06
-7.21295e-06
-7.58152e-06
-7.90191e-06
-8.1573e-06
-8.33096e-06
-8.40788e-06
-8.37669e-06
-8.23157e-06
-7.97365e-06
-7.61151e-06
-7.16046e-06
-6.64092e-06
-6.07594e-06
-5.48878e-06
-4.90075e-06
-4.32972e-06
-3.78937e-06
-3.28914e-06
-2.83454e-06
-2.42784e-06
-2.06881e-06
-1.75541e-06
-1.48447e-06
-1.25216e-06
-1.0544e-06
-8.87128e-07
-7.46487e-07
-6.28934e-07
-5.31311e-07
-4.50872e-07
-3.85308e-07
-3.32766e-07
-2.91905e-07
-1.66799e-06
-1.54137e-06
-6.67699e-09
-1.2681e-08
-1.95784e-08
-2.72186e-08
-3.56433e-08
-4.49211e-08
-5.51334e-08
-6.63716e-08
-7.87376e-08
-9.23441e-08
-1.07315e-07
-1.23789e-07
-1.41915e-07
-1.61862e-07
-1.83813e-07
-2.07972e-07
-2.34563e-07
-2.63834e-07
-2.96056e-07
-3.3153e-07
-3.70586e-07
-4.13586e-07
-4.60924e-07
-5.13028e-07
-5.70362e-07
-6.33422e-07
-7.02736e-07
-7.78865e-07
-8.62397e-07
-9.53952e-07
-1.05419e-06
-1.16379e-06
-1.2835e-06
-1.4141e-06
-1.55642e-06
-1.71129e-06
-1.87954e-06
-2.0619e-06
-2.25896e-06
-2.47108e-06
-2.69828e-06
-2.94015e-06
-3.19572e-06
-3.46335e-06
-3.7405e-06
-4.02357e-06
-4.30772e-06
-4.58665e-06
-4.85255e-06
-5.09621e-06
-5.30725e-06
-5.47464e-06
-5.58753e-06
-5.63633e-06
-5.61387e-06
-5.51658e-06
-5.34533e-06
-5.10568e-06
-4.80751e-06
-4.46391e-06
-4.08977e-06
-3.70017e-06
-3.30911e-06
-2.92842e-06
-2.56732e-06
-2.23226e-06
-1.92716e-06
-1.65374e-06
-1.41205e-06
-1.2009e-06
-1.0183e-06
-8.61807e-07
-7.28766e-07
-6.16538e-07
-5.22618e-07
-4.44733e-07
-3.80906e-07
-3.29515e-07
-2.89366e-07
-1.35308e-06
-1.25488e-06
-3.96988e-09
-7.53957e-09
-1.16404e-08
-1.61826e-08
-2.1191e-08
-2.67061e-08
-3.2776e-08
-3.94547e-08
-4.68022e-08
-5.48848e-08
-6.37752e-08
-7.35536e-08
-8.4308e-08
-9.61351e-08
-1.09141e-07
-1.23442e-07
-1.39166e-07
-1.56452e-07
-1.75454e-07
-1.9634e-07
-2.19293e-07
-2.44515e-07
-2.72226e-07
-3.02669e-07
-3.3611e-07
-3.72838e-07
-4.13175e-07
-4.5747e-07
-5.06106e-07
-5.59499e-07
-6.18097e-07
-6.82378e-07
-7.52846e-07
-8.30026e-07
-9.14457e-07
-1.00669e-06
-1.10726e-06
-1.2167e-06
-1.33552e-06
-1.46415e-06
-1.60294e-06
-1.7521e-06
-1.91158e-06
-2.08106e-06
-2.2598e-06
-2.44654e-06
-2.63938e-06
-2.83564e-06
-3.03176e-06
-3.22321e-06
-3.40443e-06
-3.56892e-06
-3.70949e-06
-3.81862e-06
-3.88905e-06
-3.91454e-06
-3.89064e-06
-3.81545e-06
-3.69007e-06
-3.51875e-06
-3.30853e-06
-3.06848e-06
-2.80876e-06
-2.53959e-06
-2.27034e-06
-2.00895e-06
-1.76153e-06
-1.53238e-06
-1.32404e-06
-1.13765e-06
-9.73174e-07
-8.29793e-07
-7.06148e-07
-6.00588e-07
-5.11357e-07
-4.36735e-07
-3.75143e-07
-3.25241e-07
-2.86021e-07
-1.10924e-06
-1.03293e-06
-2.39668e-09
-4.55177e-09
-7.02752e-09
-9.76982e-09
-1.27936e-08
-1.61235e-08
-1.97885e-08
-2.38214e-08
-2.82586e-08
-3.31401e-08
-3.85104e-08
-4.44182e-08
-5.09171e-08
-5.80663e-08
-6.59307e-08
-7.4582e-08
-8.40986e-08
-9.45671e-08
-1.06083e-07
-1.1875e-07
-1.32683e-07
-1.48008e-07
-1.64863e-07
-1.834e-07
-2.03782e-07
-2.26191e-07
-2.50822e-07
-2.77888e-07
-3.07621e-07
-3.40272e-07
-3.7611e-07
-4.15429e-07
-4.58543e-07
-5.0579e-07
-5.5753e-07
-6.14141e-07
-6.76017e-07
-7.43558e-07
-8.17162e-07
-8.97212e-07
-9.84056e-07
-1.07799e-06
-1.17921e-06
-1.28781e-06
-1.40369e-06
-1.52654e-06
-1.6557e-06
-1.79015e-06
-1.92837e-06
-2.06828e-06
-2.20713e-06
-2.34148e-06
-2.46719e-06
-2.57951e-06
-2.67327e-06
-2.7432e-06
-2.78437e-06
-2.79273e-06
-2.76564e-06
-2.70236e-06
-2.6043e-06
-2.47499e-06
-2.31979e-06
-2.14534e-06
-1.95884e-06
-1.76737e-06
-1.57735e-06
-1.39407e-06
-1.22157e-06
-1.0626e-06
-9.18754e-07
-7.90648e-07
-6.78159e-07
-5.80649e-07
-4.97157e-07
-4.26574e-07
-3.67778e-07
-3.19752e-07
-2.81709e-07
-9.15985e-07
-8.56889e-07
-1.50497e-09
-2.85823e-09
-4.41285e-09
-6.13483e-09
-8.03357e-09
-1.01245e-08
-1.24258e-08
-1.4958e-08
-1.7744e-08
-2.08089e-08
-2.41805e-08
-2.78893e-08
-3.1969e-08
-3.64565e-08
-4.13924e-08
-4.68213e-08
-5.27925e-08
-5.93598e-08
-6.65824e-08
-7.45254e-08
-8.32603e-08
-9.28655e-08
-1.03427e-07
-1.1504e-07
-1.27807e-07
-1.41842e-07
-1.57269e-07
-1.74225e-07
-1.92859e-07
-2.13332e-07
-2.35821e-07
-2.60517e-07
-2.87626e-07
-3.17371e-07
-3.49987e-07
-3.85727e-07
-4.24856e-07
-4.67651e-07
-5.14397e-07
-5.65384e-07
-6.20897e-07
-6.81204e-07
-7.46547e-07
-8.17116e-07
-8.93028e-07
-9.74294e-07
-1.06078e-06
-1.15216e-06
-1.24786e-06
-1.347e-06
-1.4483e-06
-1.55007e-06
-1.65012e-06
-1.74574e-06
-1.83375e-06
-1.91058e-06
-1.97245e-06
-2.01562e-06
-2.03674e-06
-2.03326e-06
-2.00378e-06
-1.94835e-06
-1.86856e-06
-1.76749e-06
-1.64938e-06
-1.51923e-06
-1.38224e-06
-1.24341e-06
-1.10712e-06
-9.76914e-07
-8.554e-07
-7.44297e-07
-6.44529e-07
-5.56386e-07
-4.7969e-07
-4.1396e-07
-3.58561e-07
-3.12839e-07
-2.76254e-07
-7.59951e-07
-7.14592e-07
-9.65646e-10
-1.83395e-09
-2.83146e-09
-3.93635e-09
-5.15467e-09
-6.49629e-09
-7.97293e-09
-9.59777e-09
-1.13855e-08
-1.33522e-08
-1.55158e-08
-1.78958e-08
-2.05139e-08
-2.33939e-08
-2.65619e-08
-3.00466e-08
-3.38797e-08
-3.80959e-08
-4.27334e-08
-4.78343e-08
-5.34446e-08
-5.96151e-08
-6.64014e-08
-7.38646e-08
-8.20716e-08
-9.1096e-08
-1.01018e-07
-1.11926e-07
-1.23915e-07
-1.37092e-07
-1.5157e-07
-1.67473e-07
-1.84939e-07
-2.04112e-07
-2.25152e-07
-2.48227e-07
-2.73521e-07
-3.01226e-07
-3.31542e-07
-3.6468e-07
-4.00853e-07
-4.40273e-07
-4.83148e-07
-5.29666e-07
-5.7999e-07
-6.34235e-07
-6.92453e-07
-7.54605e-07
-8.20525e-07
-8.89889e-07
-9.62163e-07
-1.03656e-06
-1.112e-06
-1.18705e-06
-1.25992e-06
-1.32843e-06
-1.3901e-06
-1.4422e-06
-1.48193e-06
-1.50667e-06
-1.51419e-06
-1.50299e-06
-1.47251e-06
-1.42332e-06
-1.3571e-06
-1.27654e-06
-1.18505e-06
-1.08643e-06
-9.84495e-07
-8.82751e-07
-7.8419e-07
-6.91148e-07
-6.05285e-07
-5.27637e-07
-4.58716e-07
-3.9864e-07
-3.47258e-07
-3.04295e-07
-2.69475e-07
-6.32119e-07
-5.97822e-07
-6.33507e-10
-1.20316e-09
-1.85756e-09
-2.58242e-09
-3.38169e-09
-4.26185e-09
-5.23059e-09
-6.29655e-09
-7.46935e-09
-8.75959e-09
-1.0179e-08
-1.17404e-08
-1.34579e-08
-1.53473e-08
-1.74255e-08
-1.97115e-08
-2.2226e-08
-2.49918e-08
-2.80339e-08
-3.138e-08
-3.50602e-08
-3.91078e-08
-4.35594e-08
-4.84551e-08
-5.38389e-08
-5.97592e-08
-6.62691e-08
-7.34267e-08
-8.12955e-08
-8.99455e-08
-9.94526e-08
-1.099e-07
-1.21378e-07
-1.33985e-07
-1.47828e-07
-1.63021e-07
-1.79689e-07
-1.97964e-07
-2.17987e-07
-2.39907e-07
-2.63879e-07
-2.90062e-07
-3.18617e-07
-3.49703e-07
-3.83469e-07
-4.20046e-07
-4.59539e-07
-5.02012e-07
-5.47467e-07
-5.95825e-07
-6.46902e-07
-7.0037e-07
-7.55731e-07
-8.12276e-07
-8.69054e-07
-9.24845e-07
-9.7815e-07
-1.02721e-06
-1.07006e-06
-1.10461e-06
-1.12882e-06
-1.14086e-06
-1.13934e-06
-1.12351e-06
-1.09338e-06
-1.04982e-06
-9.94521e-07
-9.29793e-07
-8.58383e-07
-7.83175e-07
-7.06947e-07
-6.3216e-07
-5.6083e-07
-4.94477e-07
-4.3414e-07
-3.80438e-07
-3.33671e-07
-2.93924e-07
-2.6119e-07
-5.26181e-07
-5.0083e-07
-4.22803e-10
-8.02987e-10
-1.23974e-09
-1.72351e-09
-2.25695e-09
-2.84437e-09
-3.49091e-09
-4.20234e-09
-4.98508e-09
-5.8462e-09
-6.79352e-09
-7.83562e-09
-8.98197e-09
-1.0243e-08
-1.16301e-08
-1.31559e-08
-1.48343e-08
-1.66804e-08
-1.8711e-08
-2.09446e-08
-2.34014e-08
-2.61036e-08
-2.90756e-08
-3.23444e-08
-3.59393e-08
-3.98928e-08
-4.42405e-08
-4.90212e-08
-5.42778e-08
-6.00569e-08
-6.64099e-08
-7.33927e-08
-8.10665e-08
-8.9498e-08
-9.87597e-08
-1.0893e-07
-1.20095e-07
-1.32346e-07
-1.4578e-07
-1.60505e-07
-1.76629e-07
-1.9427e-07
-2.13549e-07
-2.34587e-07
-2.57507e-07
-2.82425e-07
-3.09448e-07
-3.38665e-07
-3.70138e-07
-4.0389e-07
-4.39888e-07
-4.78025e-07
-5.181e-07
-5.59788e-07
-6.02618e-07
-6.45944e-07
-6.88923e-07
-7.30504e-07
-7.69428e-07
-8.04261e-07
-8.33451e-07
-8.55424e-07
-8.68714e-07
-8.72117e-07
-8.64848e-07
-8.46676e-07
-8.17999e-07
-7.79847e-07
-7.338e-07
-6.81832e-07
-6.26121e-07
-5.68841e-07
-5.11993e-07
-4.57282e-07
-4.06056e-07
-3.59298e-07
-3.17667e-07
-2.81567e-07
-2.51237e-07
-4.37604e-07
-4.19481e-07
-2.86534e-10
-5.44185e-10
-8.40172e-10
-1.16803e-09
-1.52953e-09
-1.92763e-09
-2.36579e-09
-2.84793e-09
-3.37839e-09
-3.96197e-09
-4.60397e-09
-5.31021e-09
-6.0871e-09
-6.94169e-09
-7.88174e-09
-8.9158e-09
-1.00532e-08
-1.13044e-08
-1.26806e-08
-1.41944e-08
-1.58594e-08
-1.76908e-08
-1.97052e-08
-2.19207e-08
-2.43574e-08
-2.70373e-08
-2.99845e-08
-3.32255e-08
-3.67895e-08
-4.07083e-08
-4.50168e-08
-4.97534e-08
-5.49598e-08
-6.06818e-08
-6.69693e-08
-7.38765e-08
-8.14623e-08
-8.97906e-08
-9.89304e-08
-1.08956e-07
-1.19945e-07
-1.31984e-07
-1.45159e-07
-1.59564e-07
-1.75291e-07
-1.92435e-07
-2.11089e-07
-2.31337e-07
-2.53254e-07
-2.76895e-07
-3.02292e-07
-3.29434e-07
-3.58262e-07
-3.88649e-07
-4.20382e-07
-4.53141e-07
-4.86481e-07
-5.19811e-07
-5.5238e-07
-5.8328e-07
-6.11457e-07
-6.35747e-07
-6.54944e-07
-6.67883e-07
-6.73561e-07
-6.71252e-07
-6.60619e-07
-6.41794e-07
-6.15398e-07
-5.82503e-07
-5.44537e-07
-5.03137e-07
-4.60003e-07
-4.16749e-07
-3.74798e-07
-3.35321e-07
-2.99214e-07
-2.67125e-07
-2.39492e-07
-3.63061e-07
-3.50738e-07
-1.96733e-10
-3.73634e-10
-5.76857e-10
-8.0196e-10
-1.05017e-09
-1.3235e-09
-1.62434e-09
-1.95537e-09
-2.31959e-09
-2.72027e-09
-3.16107e-09
-3.64597e-09
-4.17939e-09
-4.76615e-09
-5.41161e-09
-6.1216e-09
-6.9026e-09
-7.76167e-09
-8.70663e-09
-9.74606e-09
-1.08894e-08
-1.21469e-08
-1.35302e-08
-1.50516e-08
-1.67249e-08
-1.85654e-08
-2.05895e-08
-2.28155e-08
-2.52636e-08
-2.79556e-08
-3.09157e-08
-3.41702e-08
-3.77482e-08
-4.16813e-08
-4.6004e-08
-5.07542e-08
-5.5973e-08
-6.17051e-08
-6.79989e-08
-7.49068e-08
-8.24853e-08
-9.07945e-08
-9.98988e-08
-1.09866e-07
-1.20766e-07
-1.32673e-07
-1.4566e-07
-1.59799e-07
-1.75158e-07
-1.918e-07
-2.09772e-07
-2.29105e-07
-2.49803e-07
-2.71833e-07
-2.95116e-07
-3.1951e-07
-3.44793e-07
-3.70655e-07
-3.96674e-07
-4.22311e-07
-4.46899e-07
-4.6966e-07
-4.89715e-07
-5.06138e-07
-5.18013e-07
-5.24516e-07
-5.25012e-07
-5.1914e-07
-5.06887e-07
-4.88615e-07
-4.65056e-07
-4.37241e-07
-4.06407e-07
-3.73877e-07
-3.40948e-07
-3.08795e-07
-2.78414e-07
-2.50589e-07
-2.25894e-07
-3.00054e-07
-2.92323e-07
-1.36636e-10
-2.595e-10
-4.00644e-10
-5.56984e-10
-7.29373e-10
-9.1921e-10
-1.12815e-09
-1.35806e-09
-1.61102e-09
-1.88931e-09
-2.19546e-09
-2.53224e-09
-2.90271e-09
-3.31024e-09
-3.75853e-09
-4.25165e-09
-4.79409e-09
-5.39075e-09
-6.04708e-09
-6.76901e-09
-7.56312e-09
-8.43659e-09
-9.39735e-09
-1.04541e-08
-1.16165e-08
-1.28949e-08
-1.4301e-08
-1.58474e-08
-1.75481e-08
-1.94185e-08
-2.14753e-08
-2.37369e-08
-2.62236e-08
-2.89575e-08
-3.19628e-08
-3.5266e-08
-3.8896e-08
-4.28844e-08
-4.72654e-08
-5.20761e-08
-5.73569e-08
-6.3151e-08
-6.9505e-08
-7.64684e-08
-8.40936e-08
-9.24354e-08
-1.01551e-07
-1.11497e-07
-1.22332e-07
-1.3411e-07
-1.46882e-07
-1.60689e-07
-1.75559e-07
-1.91503e-07
-2.08504e-07
-2.26512e-07
-2.45431e-07
-2.65107e-07
-2.8532e-07
-3.05765e-07
-3.26049e-07
-3.45682e-07
-3.64079e-07
-3.80577e-07
-3.94462e-07
-4.05012e-07
-4.11563e-07
-4.13572e-07
-4.10695e-07
-4.02845e-07
-3.90225e-07
-3.73329e-07
-3.52908e-07
-3.29895e-07
-3.05319e-07
-2.8021e-07
-2.55522e-07
-2.32068e-07
-2.1047e-07
-2.46676e-07
-2.42503e-07
-9.58591e-11
-1.82055e-10
-2.81077e-10
-3.9076e-10
-5.11701e-10
-6.44884e-10
-7.91469e-10
-9.52768e-10
-1.13023e-09
-1.32547e-09
-1.54025e-09
-1.77653e-09
-2.03644e-09
-2.32235e-09
-2.63686e-09
-2.98282e-09
-3.36338e-09
-3.78199e-09
-4.24245e-09
-4.74896e-09
-5.30609e-09
-5.91892e-09
-6.59301e-09
-7.33446e-09
-8.15e-09
-9.04701e-09
-1.00336e-08
-1.11188e-08
-1.23122e-08
-1.36248e-08
-1.50682e-08
-1.66556e-08
-1.84011e-08
-2.03203e-08
-2.24304e-08
-2.475e-08
-2.72997e-08
-3.01017e-08
-3.31805e-08
-3.65626e-08
-4.02768e-08
-4.43543e-08
-4.88287e-08
-5.37361e-08
-5.91152e-08
-6.50068e-08
-7.14539e-08
-7.8501e-08
-8.61937e-08
-9.45775e-08
-1.03697e-07
-1.13592e-07
-1.24298e-07
-1.35841e-07
-1.48233e-07
-1.61468e-07
-1.75514e-07
-1.90306e-07
-2.05735e-07
-2.21643e-07
-2.37808e-07
-2.53941e-07
-2.69675e-07
-2.84572e-07
-2.98125e-07
-3.09783e-07
-3.18977e-07
-3.25174e-07
-3.27918e-07
-3.26899e-07
-3.21996e-07
-3.13311e-07
-3.01179e-07
-2.86141e-07
-2.68897e-07
-2.50239e-07
-2.30964e-07
-2.11809e-07
-1.93364e-07
-2.01447e-07
-1.99942e-07
-6.78507e-11
-1.28862e-10
-1.98951e-10
-2.76586e-10
-3.62191e-10
-4.5646e-10
-5.60216e-10
-6.74386e-10
-7.99999e-10
-9.38193e-10
-1.09022e-09
-1.25746e-09
-1.44143e-09
-1.6438e-09
-1.86642e-09
-2.1113e-09
-2.38067e-09
-2.67697e-09
-3.0029e-09
-3.36142e-09
-3.75579e-09
-4.18958e-09
-4.66673e-09
-5.19157e-09
-5.76887e-09
-6.40386e-09
-7.10228e-09
-7.87047e-09
-8.71537e-09
-9.64462e-09
-1.06666e-08
-1.17905e-08
-1.30265e-08
-1.43857e-08
-1.58801e-08
-1.75232e-08
-1.93295e-08
-2.1315e-08
-2.34971e-08
-2.58948e-08
-2.8529e-08
-3.14219e-08
-3.45982e-08
-3.80839e-08
-4.19076e-08
-4.60993e-08
-5.06914e-08
-5.57175e-08
-6.12129e-08
-6.72139e-08
-7.37567e-08
-8.08769e-08
-8.86078e-08
-9.69787e-08
-1.06012e-07
-1.15721e-07
-1.26105e-07
-1.37143e-07
-1.4879e-07
-1.60972e-07
-1.73571e-07
-1.86425e-07
-1.99318e-07
-2.11975e-07
-2.24063e-07
-2.35193e-07
-2.44937e-07
-2.52848e-07
-2.58494e-07
-2.61501e-07
-2.61593e-07
-2.58637e-07
-2.52671e-07
-2.43913e-07
-2.32748e-07
-2.19689e-07
-2.05317e-07
-1.9021e-07
-1.74853e-07
-1.63196e-07
-1.63598e-07
-4.83985e-11
-9.19183e-11
-1.41914e-10
-1.97291e-10
-2.58354e-10
-3.25597e-10
-3.99607e-10
-4.81045e-10
-5.70647e-10
-6.69221e-10
-7.77663e-10
-8.96957e-10
-1.02819e-09
-1.17254e-09
-1.33134e-09
-1.50601e-09
-1.69816e-09
-1.90952e-09
-2.14201e-09
-2.39775e-09
-2.67906e-09
-2.9885e-09
-3.32887e-09
-3.70326e-09
-4.11508e-09
-4.56805e-09
-5.06629e-09
-5.61431e-09
-6.21707e-09
-6.88003e-09
-7.60918e-09
-8.4111e-09
-9.29302e-09
-1.02629e-08
-1.13294e-08
-1.25021e-08
-1.37914e-08
-1.52089e-08
-1.6767e-08
-1.84795e-08
-2.03613e-08
-2.24287e-08
-2.46994e-08
-2.71926e-08
-2.99291e-08
-3.29311e-08
-3.62226e-08
-3.9829e-08
-4.37771e-08
-4.8095e-08
-5.28114e-08
-5.79555e-08
-6.35561e-08
-6.96403e-08
-7.62325e-08
-8.33522e-08
-9.10116e-08
-9.92129e-08
-1.07944e-07
-1.17174e-07
-1.26847e-07
-1.3688e-07
-1.47151e-07
-1.57498e-07
-1.67712e-07
-1.77537e-07
-1.86675e-07
-1.94788e-07
-2.01524e-07
-2.06535e-07
-2.09507e-07
-2.10202e-07
-2.08483e-07
-2.04343e-07
-1.97909e-07
-1.89438e-07
-1.79275e-07
-1.67801e-07
-1.55348e-07
-1.30985e-07
-1.3265e-07
-3.47516e-11
-6.60002e-11
-1.01898e-10
-1.41661e-10
-1.85506e-10
-2.33789e-10
-2.8693e-10
-3.45406e-10
-4.09742e-10
-4.80522e-10
-5.58387e-10
-6.44044e-10
-7.38271e-10
-8.41923e-10
-9.55943e-10
-1.08137e-09
-1.21933e-09
-1.3711e-09
-1.53804e-09
-1.72167e-09
-1.92367e-09
-2.14586e-09
-2.39026e-09
-2.6591e-09
-2.95481e-09
-3.28008e-09
-3.63786e-09
-4.03139e-09
-4.46424e-09
-4.94032e-09
-5.46396e-09
-6.03988e-09
-6.67328e-09
-7.36987e-09
-8.13593e-09
-8.97833e-09
-9.90462e-09
-1.09231e-08
-1.20428e-08
-1.32736e-08
-1.46264e-08
-1.6113e-08
-1.77463e-08
-1.95403e-08
-2.15102e-08
-2.36725e-08
-2.60448e-08
-2.86463e-08
-3.1497e-08
-3.46183e-08
-3.80327e-08
-4.17632e-08
-4.58333e-08
-5.02662e-08
-5.5084e-08
-6.03071e-08
-6.59519e-08
-7.20297e-08
-7.85439e-08
-8.54875e-08
-9.28388e-08
-1.00558e-07
-1.08582e-07
-1.1682e-07
-1.25148e-07
-1.33407e-07
-1.41398e-07
-1.48888e-07
-1.55611e-07
-1.61284e-07
-1.65624e-07
-1.68368e-07
-1.69304e-07
-1.68294e-07
-1.65292e-07
-1.60347e-07
-1.53597e-07
-1.45221e-07
-1.35386e-07
-1.04048e-07
-1.06448e-07
-2.509e-11
-4.76509e-11
-7.35686e-11
-1.02277e-10
-1.33932e-10
-1.68791e-10
-2.07158e-10
-2.49376e-10
-2.95826e-10
-3.46928e-10
-4.03145e-10
-4.64988e-10
-5.33017e-10
-6.07853e-10
-6.90173e-10
-7.80727e-10
-8.80337e-10
-9.89909e-10
-1.11044e-09
-1.24302e-09
-1.38886e-09
-1.54928e-09
-1.72574e-09
-1.91984e-09
-2.13334e-09
-2.36819e-09
-2.62652e-09
-2.91066e-09
-3.22319e-09
-3.56695e-09
-3.94506e-09
-4.36092e-09
-4.81831e-09
-5.32136e-09
-5.87459e-09
-6.483e-09
-7.15205e-09
-7.88773e-09
-8.69662e-09
-9.58592e-09
-1.05635e-08
-1.1638e-08
-1.28188e-08
-1.41162e-08
-1.55413e-08
-1.71062e-08
-1.88241e-08
-2.0709e-08
-2.2776e-08
-2.50415e-08
-2.75223e-08
-3.02365e-08
-3.32027e-08
-3.64396e-08
-3.99661e-08
-4.38004e-08
-4.7959e-08
-5.24558e-08
-5.73008e-08
-6.24979e-08
-6.80429e-08
-7.39206e-08
-8.01014e-08
-8.65378e-08
-9.31601e-08
-9.9873e-08
-1.06552e-07
-1.13042e-07
-1.19156e-07
-1.24684e-07
-1.29393e-07
-1.33048e-07
-1.35424e-07
-1.36327e-07
-1.35611e-07
-1.3319e-07
-1.29038e-07
-1.23169e-07
-1.15592e-07
-8.17531e-08
-8.44715e-08
-1.81972e-11
-3.45601e-11
-5.33576e-11
-7.4179e-11
-9.71377e-11
-1.2242e-10
-1.50247e-10
-1.80867e-10
-2.14556e-10
-2.51619e-10
-2.92392e-10
-3.37245e-10
-3.86585e-10
-4.40862e-10
-5.00567e-10
-5.66244e-10
-6.38489e-10
-7.17959e-10
-8.05377e-10
-9.01536e-10
-1.00731e-09
-1.12366e-09
-1.25165e-09
-1.39243e-09
-1.54728e-09
-1.71762e-09
-1.90498e-09
-2.11107e-09
-2.33776e-09
-2.58711e-09
-2.86136e-09
-3.16302e-09
-3.4948e-09
-3.85971e-09
-4.26105e-09
-4.70243e-09
-5.18783e-09
-5.72162e-09
-6.30857e-09
-6.95394e-09
-7.66346e-09
-8.44345e-09
-9.30076e-09
-1.02429e-08
-1.12781e-08
-1.24153e-08
-1.3664e-08
-1.50349e-08
-1.65391e-08
-1.81889e-08
-1.99971e-08
-2.19774e-08
-2.41443e-08
-2.65127e-08
-2.90978e-08
-3.19147e-08
-3.49783e-08
-3.83021e-08
-4.18976e-08
-4.57732e-08
-4.99329e-08
-5.4374e-08
-5.90852e-08
-6.40441e-08
-6.92139e-08
-7.45401e-08
-7.99474e-08
-8.53369e-08
-9.05839e-08
-9.55379e-08
-1.00024e-07
-1.0385e-07
-1.06813e-07
-1.08712e-07
-1.09361e-07
-1.08598e-07
-1.06294e-07
-1.02341e-07
-9.6631e-08
-6.35766e-08
-6.63015e-08
-1.32553e-11
-2.51745e-11
-3.88671e-11
-5.40339e-11
-7.07577e-11
-8.9174e-11
-1.09444e-10
-1.31748e-10
-1.56288e-10
-1.83286e-10
-2.12986e-10
-2.45658e-10
-2.81599e-10
-3.21135e-10
-3.64626e-10
-4.12467e-10
-4.65093e-10
-5.22981e-10
-5.86659e-10
-6.56704e-10
-7.33754e-10
-8.18508e-10
-9.11736e-10
-1.01429e-09
-1.12709e-09
-1.25117e-09
-1.38766e-09
-1.53778e-09
-1.70292e-09
-1.88456e-09
-2.08435e-09
-2.3041e-09
-2.54581e-09
-2.81166e-09
-3.10405e-09
-3.42563e-09
-3.7793e-09
-4.16824e-09
-4.59595e-09
-5.06627e-09
-5.58339e-09
-6.15193e-09
-6.77693e-09
-7.46389e-09
-8.21886e-09
-9.04838e-09
-9.95961e-09
-1.09603e-08
-1.20589e-08
-1.32644e-08
-1.45865e-08
-1.60357e-08
-1.76229e-08
-1.93598e-08
-2.12583e-08
-2.33306e-08
-2.55891e-08
-2.80457e-08
-3.07112e-08
-3.35952e-08
-3.67044e-08
-4.00423e-08
-4.36069e-08
-4.73893e-08
-5.13716e-08
-5.55242e-08
-5.98031e-08
-6.4147e-08
-6.84748e-08
-7.26833e-08
-7.66464e-08
-8.02159e-08
-8.32241e-08
-8.54894e-08
-8.68232e-08
-8.70374e-08
-8.59496e-08
-8.33823e-08
-7.91511e-08
-4.90886e-08
-5.16059e-08
-9.71445e-12
-1.84497e-11
-2.84846e-11
-3.96e-11
-5.18563e-11
-6.53532e-11
-8.02083e-11
-9.65546e-11
-1.14539e-10
-1.34325e-10
-1.56091e-10
-1.80036e-10
-2.06376e-10
-2.35351e-10
-2.67225e-10
-3.02286e-10
-3.40854e-10
-3.83279e-10
-4.29947e-10
-4.81281e-10
-5.37749e-10
-5.99864e-10
-6.68189e-10
-7.43346e-10
-8.26018e-10
-9.16955e-10
-1.01698e-09
-1.12701e-09
-1.24804e-09
-1.38116e-09
-1.52759e-09
-1.68866e-09
-1.86581e-09
-2.06067e-09
-2.27498e-09
-2.5107e-09
-2.76994e-09
-3.05505e-09
-3.3686e-09
-3.71339e-09
-4.09254e-09
-4.50941e-09
-4.96774e-09
-5.47157e-09
-6.02537e-09
-6.63397e-09
-7.30268e-09
-8.03724e-09
-8.84393e-09
-9.7295e-09
-1.07013e-08
-1.1767e-08
-1.29352e-08
-1.42146e-08
-1.56146e-08
-1.71448e-08
-1.88152e-08
-2.06354e-08
-2.26151e-08
-2.47631e-08
-2.70868e-08
-2.95916e-08
-3.22799e-08
-3.51499e-08
-3.81938e-08
-4.13964e-08
-4.47327e-08
-4.81652e-08
-5.16419e-08
-5.50935e-08
-5.84308e-08
-6.15436e-08
-6.43002e-08
-6.65481e-08
-6.81167e-08
-6.88209e-08
-6.84644e-08
-6.68418e-08
-6.37354e-08
-3.79551e-08
-4.01345e-08
-7.2093e-12
-1.36919e-11
-2.1139e-11
-2.9388e-11
-3.84837e-11
-4.85e-11
-5.95243e-11
-7.16552e-11
-8.5002e-11
-9.96854e-11
-1.15839e-10
-1.33609e-10
-1.53156e-10
-1.74659e-10
-1.98313e-10
-2.24333e-10
-2.52955e-10
-2.8444e-10
-3.19073e-10
-3.5717e-10
-3.99076e-10
-4.45173e-10
-4.95879e-10
-5.51655e-10
-6.13008e-10
-6.80496e-10
-7.5473e-10
-8.36387e-10
-9.26207e-10
-1.025e-09
-1.13368e-09
-1.25321e-09
-1.38469e-09
-1.52931e-09
-1.68837e-09
-1.86332e-09
-2.05574e-09
-2.26736e-09
-2.5001e-09
-2.75605e-09
-3.0375e-09
-3.34699e-09
-3.68728e-09
-4.0614e-09
-4.47265e-09
-4.92468e-09
-5.42143e-09
-5.96723e-09
-6.56676e-09
-7.22512e-09
-7.94782e-09
-8.74081e-09
-9.61046e-09
-1.05636e-08
-1.16073e-08
-1.27493e-08
-1.39973e-08
-1.53592e-08
-1.6843e-08
-1.84563e-08
-2.02059e-08
-2.20977e-08
-2.41356e-08
-2.63208e-08
-2.86511e-08
-3.11189e-08
-3.37101e-08
-3.6402e-08
-3.91609e-08
-4.194e-08
-4.46764e-08
-4.7289e-08
-4.96765e-08
-5.17156e-08
-5.32608e-08
-5.41452e-08
-5.41819e-08
-5.31663e-08
-5.08782e-08
-2.99586e-08
-3.17353e-08
-5.50738e-12
-1.04596e-11
-1.61487e-11
-2.24503e-11
-2.93988e-11
-3.70505e-11
-4.54723e-11
-5.47394e-11
-6.49354e-11
-7.61525e-11
-8.84925e-11
-1.02067e-10
-1.17e-10
-1.33427e-10
-1.51497e-10
-1.71374e-10
-1.9324e-10
-2.17292e-10
-2.43749e-10
-2.72852e-10
-3.04866e-10
-3.4008e-10
-3.78816e-10
-4.21426e-10
-4.68295e-10
-5.19852e-10
-5.76563e-10
-6.38943e-10
-7.0756e-10
-7.83037e-10
-8.66058e-10
-9.57377e-10
-1.05782e-09
-1.16831e-09
-1.28983e-09
-1.42349e-09
-1.57049e-09
-1.73218e-09
-1.91e-09
-2.10556e-09
-2.32062e-09
-2.55711e-09
-2.81715e-09
-3.10306e-09
-3.41739e-09
-3.7629e-09
-4.14265e-09
-4.55996e-09
-5.01843e-09
-5.52201e-09
-6.07495e-09
-6.68185e-09
-7.34769e-09
-8.07778e-09
-8.87776e-09
-9.75362e-09
-1.07116e-08
-1.17581e-08
-1.28996e-08
-1.41426e-08
-1.54931e-08
-1.69564e-08
-1.85368e-08
-2.0237e-08
-2.20568e-08
-2.39929e-08
-2.60372e-08
-2.81752e-08
-3.03845e-08
-3.26321e-08
-3.48727e-08
-3.70454e-08
-3.90713e-08
-4.08513e-08
-4.22636e-08
-4.31632e-08
-4.3382e-08
-4.27303e-08
-4.10017e-08
-2.50538e-08
-2.64064e-08
-4.48175e-12
-8.51172e-12
-1.31413e-11
-1.82694e-11
-2.39238e-11
-3.01506e-11
-3.7004e-11
-4.45453e-11
-5.28425e-11
-6.19707e-11
-7.20126e-11
-8.30594e-11
-9.52114e-11
-1.08579e-10
-1.23284e-10
-1.39459e-10
-1.57253e-10
-1.76826e-10
-1.98356e-10
-2.22039e-10
-2.48091e-10
-2.76748e-10
-3.0827e-10
-3.42944e-10
-3.81086e-10
-4.23041e-10
-4.69191e-10
-5.19955e-10
-5.75794e-10
-6.37216e-10
-7.04778e-10
-7.79092e-10
-8.60834e-10
-9.50745e-10
-1.04964e-09
-1.15841e-09
-1.27805e-09
-1.40964e-09
-1.55436e-09
-1.71352e-09
-1.88855e-09
-2.08103e-09
-2.29269e-09
-2.52541e-09
-2.78128e-09
-3.06255e-09
-3.37172e-09
-3.7115e-09
-4.08484e-09
-4.49496e-09
-4.94536e-09
-5.43982e-09
-5.98243e-09
-6.57757e-09
-7.22993e-09
-7.94447e-09
-8.72642e-09
-9.58119e-09
-1.05143e-08
-1.15313e-08
-1.26374e-08
-1.38377e-08
-1.51361e-08
-1.65356e-08
-1.80373e-08
-1.96395e-08
-2.13371e-08
-2.312e-08
-2.49717e-08
-2.68671e-08
-2.87709e-08
-3.06343e-08
-3.23927e-08
-3.39629e-08
-3.52405e-08
-3.6098e-08
-3.63842e-08
-3.59261e-08
-3.45333e-08
-2.3491e-08
-2.4415e-08
-4.1097e-12
-7.80514e-12
-1.20504e-11
-1.67528e-11
-2.19379e-11
-2.76477e-11
-3.39322e-11
-4.08475e-11
-4.84559e-11
-5.68263e-11
-6.60346e-11
-7.61644e-11
-8.73077e-11
-9.95657e-11
-1.1305e-10
-1.27883e-10
-1.44199e-10
-1.62147e-10
-1.8189e-10
-2.03607e-10
-2.27496e-10
-2.53774e-10
-2.8268e-10
-3.14476e-10
-3.49451e-10
-3.87924e-10
-4.30243e-10
-4.76793e-10
-5.27997e-10
-5.8432e-10
-6.46274e-10
-7.1442e-10
-7.89377e-10
-8.71825e-10
-9.62511e-10
-1.06226e-09
-1.17197e-09
-1.29263e-09
-1.42534e-09
-1.5713e-09
-1.73181e-09
-1.90832e-09
-2.10243e-09
-2.31585e-09
-2.5505e-09
-2.80846e-09
-3.09201e-09
-3.40364e-09
-3.74607e-09
-4.12226e-09
-4.53542e-09
-4.98903e-09
-5.48685e-09
-6.03294e-09
-6.6316e-09
-7.28744e-09
-8.00527e-09
-8.79014e-09
-9.6472e-09
-1.05816e-08
-1.15984e-08
-1.27022e-08
-1.3897e-08
-1.51857e-08
-1.65698e-08
-1.80481e-08
-1.96163e-08
-2.12659e-08
-2.29823e-08
-2.47431e-08
-2.65165e-08
-2.8258e-08
-2.99085e-08
-3.13907e-08
-3.2607e-08
-3.34373e-08
-3.3738e-08
-3.33436e-08
-3.20718e-08
3.0376e-09
-8.06937e-11
-1.34783e-14
-2.55979e-14
-3.95209e-14
-5.49429e-14
-7.1948e-14
-9.06741e-14
-1.11285e-13
-1.33964e-13
-1.58917e-13
-1.86369e-13
-2.16569e-13
-2.49791e-13
-2.86337e-13
-3.26538e-13
-3.70761e-13
-4.19407e-13
-4.72918e-13
-5.31781e-13
-5.96531e-13
-6.67756e-13
-7.46103e-13
-8.32285e-13
-9.27084e-13
-1.03136e-12
-1.14607e-12
-1.27225e-12
-1.41104e-12
-1.5637e-12
-1.73164e-12
-1.91636e-12
-2.11954e-12
-2.34304e-12
-2.58887e-12
-2.85927e-12
-3.15669e-12
-3.48383e-12
-3.84364e-12
-4.23939e-12
-4.67465e-12
-5.15334e-12
-5.67979e-12
-6.25872e-12
-6.89535e-12
-7.59536e-12
-8.365e-12
-9.21113e-12
-1.01412e-11
-1.11634e-11
-1.22867e-11
-1.35208e-11
-1.48763e-11
-1.63645e-11
-1.7998e-11
-1.979e-11
-2.17548e-11
-2.39075e-11
-2.62642e-11
-2.88415e-11
-3.16565e-11
-3.47266e-11
-3.80686e-11
-4.16983e-11
-4.56296e-11
-4.98728e-11
-5.44333e-11
-5.93091e-11
-6.44878e-11
-6.99428e-11
-7.56281e-11
-8.1473e-11
-8.73742e-11
-9.31874e-11
-9.87183e-11
-1.03711e-10
-1.07841e-10
-1.10703e-10
-1.11811e-10
-1.106e-10
-1.06448e-10
1.03789e-11
1.887e-26
0
0
0
0
0
0
0
0
0
0
0
0
0
0
0
0
0
0
0
0
0
0
0
0
0
0
0
0
0
0
0
0
0
0
0
0
0
0
0
0
0
0
0
0
0
0
0
0
0
0
0
0
0
0
0
0
0
0
0
0
0
0
0
0
0
0
0
0
0
0
0
0
0
0
0
0
0
0
0
0