2840
0 1 72 73 
1 2 73 74 
2 3 74 75 
3 4 75 76 
4 5 76 77 
5 6 77 78 
6 7 78 79 
7 8 79 80 
8 9 80 81 
9 10 81 82 
10 11 82 83 
11 12 83 84 
12 13 84 85 
13 14 85 86 
14 15 86 87 
15 16 87 88 
16 17 88 89 
17 18 89 90 
18 19 90 91 
19 20 91 92 
20 21 92 93 
21 22 93 94 
22 23 94 95 
23 24 95 96 
24 25 96 97 
25 26 97 98 
26 27 98 99 
27 28 99 100 
28 29 100 101 
29 30 101 102 
30 31 102 103 
31 32 103 104 
32 33 104 105 
33 34 105 106 
34 35 106 107 
35 36 107 108 
36 37 108 109 
37 38 109 110 
38 39 110 111 
39 40 111 112 
40 41 112 113 
41 42 113 114 
42 43 114 115 
43 44 115 116 
44 45 116 117 
45 46 117 118 
46 47 118 119 
47 48 119 120 
48 49 120 121 
49 50 121 122 
50 51 122 123 
51 52 123 124 
52 53 124 125 
53 54 125 126 
54 55 126 127 
55 56 127 128 
56 57 128 129 
57 58 129 130 
58 59 130 131 
59 60 131 132 
60 61 132 133 
61 62 133 134 
62 63 134 135 
63 64 135 136 
64 65 136 137 
65 66 137 138 
66 67 138 139 
67 68 139 140 
68 69 140 141 
69 70 141 142 
70 71 142 143 
72 73 144 145 
73 74 145 146 
74 75 146 147 
75 76 147 148 
76 77 148 149 
77 78 149 150 
78 79 150 151 
79 80 151 152 
80 81 152 153 
81 82 153 154 
82 83 154 155 
83 84 155 156 
84 85 156 157 
85 86 157 158 
86 87 158 159 
87 88 159 160 
88 89 160 161 
89 90 161 162 
90 91 162 163 
91 92 163 164 
92 93 164 165 
93 94 165 166 
94 95 166 167 
95 96 167 168 
96 97 168 169 
97 98 169 170 
98 99 170 171 
99 100 171 172 
100 101 172 173 
101 102 173 174 
102 103 174 175 
103 104 175 176 
104 105 176 177 
105 106 177 178 
106 107 178 179 
107 108 179 180 
108 109 180 181 
109 110 181 182 
110 111 182 183 
111 112 183 184 
112 113 184 185 
113 114 185 186 
114 115 186 187 
115 116 187 188 
116 117 188 189 
117 118 189 190 
118 119 190 191 
119 120 191 192 
120 121 192 193 
121 122 193 194 
122 123 194 195 
123 124 195 196 
124 125 196 197 
125 126 197 198 
126 127 198 199 
127 128 199 200 
128 129 200 201 
129 130 201 202 
130 131 202 203 
131 132 203 204 
132 133 204 205 
133 134 205 206 
134 135 206 207 
135 136 207 208 
136 137 208 209 
137 138 209 210 
138 139 210 211 
139 140 211 212 
140 141 212 213 
141 142 213 214 
142 143 214 215 
144 145 216 217 
145 146 217 218 
146 147 218 219 
147 148 219 220 
148 149 220 221 
149 150 221 222 
150 151 222 223 
151 152 223 224 
152 153 224 225 
153 154 225 226 
154 155 226 227 
155 156 227 228 
156 157 228 229 
157 158 229 230 
158 159 230 231 
159 160 231 232 
160 161 232 233 
161 162 233 234 
162 163 234 235 
163 164 235 236 
164 165 236 237 
165 166 237 238 
166 167 238 239 
167 168 239 240 
168 169 240 241 
169 170 241 242 
170 171 242 243 
171 172 243 244 
172 173 244 245 
173 174 245 246 
174 175 246 247 
175 176 247 248 
176 177 248 249 
177 178 249 250 
178 179 250 251 
179 180 251 252 
180 181 252 253 
181 182 253 254 
182 183 254 255 
183 184 255 256 
184 185 256 257 
185 186 257 258 
186 187 258 259 
187 188 259 260 
188 189 260 261 
189 190 261 262 
190 191 262 263 
191 192 263 264 
192 193 264 265 
193 194 265 266 
194 195 266 267 
195 196 267 268 
196 197 268 269 
197 198 269 270 
198 199 270 271 
199 200 271 272 
200 201 272 273 
201 202 273 274 
202 203 274 275 
203 204 275 276 
204 205 276 277 
205 206 277 278 
206 207 278 279 
207 208 279 280 
208 209 280 281 
209 210 281 282 
210 211 282 283 
211 212 283 284 
212 213 284 285 
213 214 285 286 
214 215 286 287 
216 217 288 289 
217 218 289 290 
218 219 290 291 
219 220 291 292 
220 221 292 293 
221 222 293 294 
222 223 294 295 
223 224 295 296 
224 225 296 297 
225 226 297 298 
226 227 298 299 
227 228 299 300 
228 229 300 301 
229 230 301 302 
230 231 302 303 
231 232 303 304 
232 233 304 305 
233 234 305 306 
234 235 306 307 
235 236 307 308 
236 237 308 309 
237 238 309 310 
238 239 310 311 
239 240 311 312 
240 241 312 313 
241 242 313 314 
242 243 314 315 
243 244 315 316 
244 245 316 317 
245 246 317 318 
246 247 318 319 
247 248 319 320 
248 249 320 321 
249 250 321 322 
250 251 322 323 
251 252 323 324 
252 253 324 325 
253 254 325 326 
254 255 326 327 
255 256 327 328 
256 257 328 329 
257 258 329 330 
258 259 330 331 
259 260 331 332 
260 261 332 333 
261 262 333 334 
262 263 334 335 
263 264 335 336 
264 265 336 337 
265 266 337 338 
266 267 338 339 
267 268 339 340 
268 269 340 341 
269 270 341 342 
270 271 342 343 
271 272 343 344 
272 273 344 345 
273 274 345 346 
274 275 346 347 
275 276 347 348 
276 277 348 349 
277 278 349 350 
278 279 350 351 
279 280 351 352 
280 281 352 353 
281 282 353 354 
282 283 354 355 
283 284 355 356 
284 285 356 357 
285 286 357 358 
286 287 358 359 
288 289 360 361 
289 290 361 362 
290 291 362 363 
291 292 363 364 
292 293 364 365 
293 294 365 366 
294 295 366 367 
295 296 367 368 
296 297 368 369 
297 298 369 370 
298 299 370 371 
299 300 371 372 
300 301 372 373 
301 302 373 374 
302 303 374 375 
303 304 375 376 
304 305 376 377 
305 306 377 378 
306 307 378 379 
307 308 379 380 
308 309 380 381 
309 310 381 382 
310 311 382 383 
311 312 383 384 
312 313 384 385 
313 314 385 386 
314 315 386 387 
315 316 387 388 
316 317 388 389 
317 318 389 390 
318 319 390 391 
319 320 391 392 
320 321 392 393 
321 322 393 394 
322 323 394 395 
323 324 395 396 
324 325 396 397 
325 326 397 398 
326 327 398 399 
327 328 399 400 
328 329 400 401 
329 330 401 402 
330 331 402 403 
331 332 403 404 
332 333 404 405 
333 334 405 406 
334 335 406 407 
335 336 407 408 
336 337 408 409 
337 338 409 410 
338 339 410 411 
339 340 411 412 
340 341 412 413 
341 342 413 414 
342 343 414 415 
343 344 415 416 
344 345 416 417 
345 346 417 418 
346 347 418 419 
347 348 419 420 
348 349 420 421 
349 350 421 422 
350 351 422 423 
351 352 423 424 
352 353 424 425 
353 354 425 426 
354 355 426 427 
355 356 427 428 
356 357 428 429 
357 358 429 430 
358 359 430 431 
360 361 432 433 
361 362 433 434 
362 363 434 435 
363 364 435 436 
364 365 436 437 
365 366 437 438 
366 367 438 439 
367 368 439 440 
368 369 440 441 
369 370 441 442 
370 371 442 443 
371 372 443 444 
372 373 444 445 
373 374 445 446 
374 375 446 447 
375 376 447 448 
376 377 448 449 
377 378 449 450 
378 379 450 451 
379 380 451 452 
380 381 452 453 
381 382 453 454 
382 383 454 455 
383 384 455 456 
384 385 456 457 
385 386 457 458 
386 387 458 459 
387 388 459 460 
388 389 460 461 
389 390 461 462 
390 391 462 463 
391 392 463 464 
392 393 464 465 
393 394 465 466 
394 395 466 467 
395 396 467 468 
396 397 468 469 
397 398 469 470 
398 399 470 471 
399 400 471 472 
400 401 472 473 
401 402 473 474 
402 403 474 475 
403 404 475 476 
404 405 476 477 
405 406 477 478 
406 407 478 479 
407 408 479 480 
408 409 480 481 
409 410 481 482 
410 411 482 483 
411 412 483 484 
412 413 484 485 
413 414 485 486 
414 415 486 487 
415 416 487 488 
416 417 488 489 
417 418 489 490 
418 419 490 491 
419 420 491 492 
420 421 492 493 
421 422 493 494 
422 423 494 495 
423 424 495 496 
424 425 496 497 
425 426 497 498 
426 427 498 499 
427 428 499 500 
428 429 500 501 
429 430 501 502 
430 431 502 503 
432 433 504 505 
433 434 505 506 
434 435 506 507 
435 436 507 508 
436 437 508 509 
437 438 509 510 
438 439 510 511 
439 440 511 512 
440 441 512 513 
441 442 513 514 
442 443 514 515 
443 444 515 516 
444 445 516 517 
445 446 517 518 
446 447 518 519 
447 448 519 520 
448 449 520 521 
449 450 521 522 
450 451 522 523 
451 452 523 524 
452 453 524 525 
453 454 525 526 
454 455 526 527 
455 456 527 528 
456 457 528 529 
457 458 529 530 
458 459 530 531 
459 460 531 532 
460 461 532 533 
461 462 533 534 
462 463 534 535 
463 464 535 536 
464 465 536 537 
465 466 537 538 
466 467 538 539 
467 468 539 540 
468 469 540 541 
469 470 541 542 
470 471 542 543 
471 472 543 544 
472 473 544 545 
473 474 545 546 
474 475 546 547 
475 476 547 548 
476 477 548 549 
477 478 549 550 
478 479 550 551 
479 480 551 552 
480 481 552 553 
481 482 553 554 
482 483 554 555 
483 484 555 556 
484 485 556 557 
485 486 557 558 
486 487 558 559 
487 488 559 560 
488 489 560 561 
489 490 561 562 
490 491 562 563 
491 492 563 564 
492 493 564 565 
493 494 565 566 
494 495 566 567 
495 496 567 568 
496 497 568 569 
497 498 569 570 
498 499 570 571 
499 500 571 572 
500 501 572 573 
501 502 573 574 
502 503 574 575 
504 505 576 577 
505 506 577 578 
506 507 578 579 
507 508 579 580 
508 509 580 581 
509 510 581 582 
510 511 582 583 
511 512 583 584 
512 513 584 585 
513 514 585 586 
514 515 586 587 
515 516 587 588 
516 517 588 589 
517 518 589 590 
518 519 590 591 
519 520 591 592 
520 521 592 593 
521 522 593 594 
522 523 594 595 
523 524 595 596 
524 525 596 597 
525 526 597 598 
526 527 598 599 
527 528 599 600 
528 529 600 601 
529 530 601 602 
530 531 602 603 
531 532 603 604 
532 533 604 605 
533 534 605 606 
534 535 606 607 
535 536 607 608 
536 537 608 609 
537 538 609 610 
538 539 610 611 
539 540 611 612 
540 541 612 613 
541 542 613 614 
542 543 614 615 
543 544 615 616 
544 545 616 617 
545 546 617 618 
546 547 618 619 
547 548 619 620 
548 549 620 621 
549 550 621 622 
550 551 622 623 
551 552 623 624 
552 553 624 625 
553 554 625 626 
554 555 626 627 
555 556 627 628 
556 557 628 629 
557 558 629 630 
558 559 630 631 
559 560 631 632 
560 561 632 633 
561 562 633 634 
562 563 634 635 
563 564 635 636 
564 565 636 637 
565 566 637 638 
566 567 638 639 
567 568 639 640 
568 569 640 641 
569 570 641 642 
570 571 642 643 
571 572 643 644 
572 573 644 645 
573 574 645 646 
574 575 646 647 
576 577 648 649 
577 578 649 650 
578 579 650 651 
579 580 651 652 
580 581 652 653 
581 582 653 654 
582 583 654 655 
583 584 655 656 
584 585 656 657 
585 586 657 658 
586 587 658 659 
587 588 659 660 
588 589 660 661 
589 590 661 662 
590 591 662 663 
591 592 663 664 
592 593 664 665 
593 594 665 666 
594 595 666 667 
595 596 667 668 
596 597 668 669 
597 598 669 670 
598 599 670 671 
599 600 671 672 
600 601 672 673 
601 602 673 674 
602 603 674 675 
603 604 675 676 
604 605 676 677 
605 606 677 678 
606 607 678 679 
607 608 679 680 
608 609 680 681 
609 610 681 682 
610 611 682 683 
611 612 683 684 
612 613 684 685 
613 614 685 686 
614 615 686 687 
615 616 687 688 
616 617 688 689 
617 618 689 690 
618 619 690 691 
619 620 691 692 
620 621 692 693 
621 622 693 694 
622 623 694 695 
623 624 695 696 
624 625 696 697 
625 626 697 698 
626 627 698 699 
627 628 699 700 
628 629 700 701 
629 630 701 702 
630 631 702 703 
631 632 703 704 
632 633 704 705 
633 634 705 706 
634 635 706 707 
635 636 707 708 
636 637 708 709 
637 638 709 710 
638 639 710 711 
639 640 711 712 
640 641 712 713 
641 642 713 714 
642 643 714 715 
643 644 715 716 
644 645 716 717 
645 646 717 718 
646 647 718 719 
648 649 720 721 
649 650 721 722 
650 651 722 723 
651 652 723 724 
652 653 724 725 
653 654 725 726 
654 655 726 727 
655 656 727 728 
656 657 728 729 
657 658 729 730 
658 659 730 731 
659 660 731 732 
660 661 732 733 
661 662 733 734 
662 663 734 735 
663 664 735 736 
664 665 736 737 
665 666 737 738 
666 667 738 739 
667 668 739 740 
668 669 740 741 
669 670 741 742 
670 671 742 743 
671 672 743 744 
672 673 744 745 
673 674 745 746 
674 675 746 747 
675 676 747 748 
676 677 748 749 
677 678 749 750 
678 679 750 751 
679 680 751 752 
680 681 752 753 
681 682 753 754 
682 683 754 755 
683 684 755 756 
684 685 756 757 
685 686 757 758 
686 687 758 759 
687 688 759 760 
688 689 760 761 
689 690 761 762 
690 691 762 763 
691 692 763 764 
692 693 764 765 
693 694 765 766 
694 695 766 767 
695 696 767 768 
696 697 768 769 
697 698 769 770 
698 699 770 771 
699 700 771 772 
700 701 772 773 
701 702 773 774 
702 703 774 775 
703 704 775 776 
704 705 776 777 
705 706 777 778 
706 707 778 779 
707 708 779 780 
708 709 780 781 
709 710 781 782 
710 711 782 783 
711 712 783 784 
712 713 784 785 
713 714 785 786 
714 715 786 787 
715 716 787 788 
716 717 788 789 
717 718 789 790 
718 719 790 791 
720 721 792 793 
721 722 793 794 
722 723 794 795 
723 724 795 796 
724 725 796 797 
725 726 797 798 
726 727 798 799 
727 728 799 800 
728 729 800 801 
729 730 801 802 
730 731 802 803 
731 732 803 804 
732 733 804 805 
733 734 805 806 
734 735 806 807 
735 736 807 808 
736 737 808 809 
737 738 809 810 
738 739 810 811 
739 740 811 812 
740 741 812 813 
741 742 813 814 
742 743 814 815 
743 744 815 816 
744 745 816 817 
745 746 817 818 
746 747 818 819 
747 748 819 820 
748 749 820 821 
749 750 821 822 
750 751 822 823 
751 752 823 824 
752 753 824 825 
753 754 825 826 
754 755 826 827 
755 756 827 828 
756 757 828 829 
757 758 829 830 
758 759 830 831 
759 760 831 832 
760 761 832 833 
761 762 833 834 
762 763 834 835 
763 764 835 836 
764 765 836 837 
765 766 837 838 
766 767 838 839 
767 768 839 840 
768 769 840 841 
769 770 841 842 
770 771 842 843 
771 772 843 844 
772 773 844 845 
773 774 845 846 
774 775 846 847 
775 776 847 848 
776 777 848 849 
777 778 849 850 
778 779 850 851 
779 780 851 852 
780 781 852 853 
781 782 853 854 
782 783 854 855 
783 784 855 856 
784 785 856 857 
785 786 857 858 
786 787 858 859 
787 788 859 860 
788 789 860 861 
789 790 861 862 
790 791 862 863 
792 793 864 865 
793 794 865 866 
794 795 866 867 
795 796 867 868 
796 797 868 869 
797 798 869 870 
798 799 870 871 
799 800 871 872 
800 801 872 873 
801 802 873 874 
802 803 874 875 
803 804 875 876 
804 805 876 877 
805 806 877 878 
806 807 878 879 
807 808 879 880 
808 809 880 881 
809 810 881 882 
810 811 882 883 
811 812 883 884 
812 813 884 885 
813 814 885 886 
814 815 886 887 
815 816 887 888 
816 817 888 889 
817 818 889 890 
818 819 890 891 
819 820 891 892 
820 821 892 893 
821 822 893 894 
822 823 894 895 
823 824 895 896 
824 825 896 897 
825 826 897 898 
826 827 898 899 
827 828 899 900 
828 829 900 901 
829 830 901 902 
830 831 902 903 
831 832 903 904 
832 833 904 905 
833 834 905 906 
834 835 906 907 
835 836 907 908 
836 837 908 909 
837 838 909 910 
838 839 910 911 
839 840 911 912 
840 841 912 913 
841 842 913 914 
842 843 914 915 
843 844 915 916 
844 845 916 917 
845 846 917 918 
846 847 918 919 
847 848 919 920 
848 849 920 921 
849 850 921 922 
850 851 922 923 
851 852 923 924 
852 853 924 925 
853 854 925 926 
854 855 926 927 
855 856 927 928 
856 857 928 929 
857 858 929 930 
858 859 930 931 
859 860 931 932 
860 861 932 933 
861 862 933 934 
862 863 934 935 
864 865 936 937 
865 866 937 938 
866 867 938 939 
867 868 939 940 
868 869 940 941 
869 870 941 942 
870 871 942 943 
871 872 943 944 
872 873 944 945 
873 874 945 946 
874 875 946 947 
875 876 947 948 
876 877 948 949 
877 878 949 950 
878 879 950 951 
879 880 951 952 
880 881 952 953 
881 882 953 954 
882 883 954 955 
883 884 955 956 
884 885 956 957 
885 886 957 958 
886 887 958 959 
887 888 959 960 
888 889 960 961 
889 890 961 962 
890 891 962 963 
891 892 963 964 
892 893 964 965 
893 894 965 966 
894 895 966 967 
895 896 967 968 
896 897 968 969 
897 898 969 970 
898 899 970 971 
899 900 971 972 
900 901 972 973 
901 902 973 974 
902 903 974 975 
903 904 975 976 
904 905 976 977 
905 906 977 978 
906 907 978 979 
907 908 979 980 
908 909 980 981 
909 910 981 982 
910 911 982 983 
911 912 983 984 
912 913 984 985 
913 914 985 986 
914 915 986 987 
915 916 987 988 
916 917 988 989 
917 918 989 990 
918 919 990 991 
919 920 991 992 
920 921 992 993 
921 922 993 994 
922 923 994 995 
923 924 995 996 
924 925 996 997 
925 926 997 998 
926 927 998 999 
927 928 999 1000 
928 929 1000 1001 
929 930 1001 1002 
930 931 1002 1003 
931 932 1003 1004 
932 933 1004 1005 
933 934 1005 1006 
934 935 1006 1007 
936 937 1008 1009 
937 938 1009 1010 
938 939 1010 1011 
939 940 1011 1012 
940 941 1012 1013 
941 942 1013 1014 
942 943 1014 1015 
943 944 1015 1016 
944 945 1016 1017 
945 946 1017 1018 
946 947 1018 1019 
947 948 1019 1020 
948 949 1020 1021 
949 950 1021 1022 
950 951 1022 1023 
951 952 1023 1024 
952 953 1024 1025 
953 954 1025 1026 
954 955 1026 1027 
955 956 1027 1028 
956 957 1028 1029 
957 958 1029 1030 
958 959 1030 1031 
959 960 1031 1032 
960 961 1032 1033 
961 962 1033 1034 
962 963 1034 1035 
963 964 1035 1036 
964 965 1036 1037 
965 966 1037 1038 
966 967 1038 1039 
967 968 1039 1040 
968 969 1040 1041 
969 970 1041 1042 
970 971 1042 1043 
971 972 1043 1044 
972 973 1044 1045 
973 974 1045 1046 
974 975 1046 1047 
975 976 1047 1048 
976 977 1048 1049 
977 978 1049 1050 
978 979 1050 1051 
979 980 1051 1052 
980 981 1052 1053 
981 982 1053 1054 
982 983 1054 1055 
983 984 1055 1056 
984 985 1056 1057 
985 986 1057 1058 
986 987 1058 1059 
987 988 1059 1060 
988 989 1060 1061 
989 990 1061 1062 
990 991 1062 1063 
991 992 1063 1064 
992 993 1064 1065 
993 994 1065 1066 
994 995 1066 1067 
995 996 1067 1068 
996 997 1068 1069 
997 998 1069 1070 
998 999 1070 1071 
999 1000 1071 1072 
1000 1001 1072 1073 
1001 1002 1073 1074 
1002 1003 1074 1075 
1003 1004 1075 1076 
1004 1005 1076 1077 
1005 1006 1077 1078 
1006 1007 1078 1079 
1008 1009 1080 1081 
1009 1010 1081 1082 
1010 1011 1082 1083 
1011 1012 1083 1084 
1012 1013 1084 1085 
1013 1014 1085 1086 
1014 1015 1086 1087 
1015 1016 1087 1088 
1016 1017 1088 1089 
1017 1018 1089 1090 
1018 1019 1090 1091 
1019 1020 1091 1092 
1020 1021 1092 1093 
1021 1022 1093 1094 
1022 1023 1094 1095 
1023 1024 1095 1096 
1024 1025 1096 1097 
1025 1026 1097 1098 
1026 1027 1098 1099 
1027 1028 1099 1100 
1028 1029 1100 1101 
1029 1030 1101 1102 
1030 1031 1102 1103 
1031 1032 1103 1104 
1032 1033 1104 1105 
1033 1034 1105 1106 
1034 1035 1106 1107 
1035 1036 1107 1108 
1036 1037 1108 1109 
1037 1038 1109 1110 
1038 1039 1110 1111 
1039 1040 1111 1112 
1040 1041 1112 1113 
1041 1042 1113 1114 
1042 1043 1114 1115 
1043 1044 1115 1116 
1044 1045 1116 1117 
1045 1046 1117 1118 
1046 1047 1118 1119 
1047 1048 1119 1120 
1048 1049 1120 1121 
1049 1050 1121 1122 
1050 1051 1122 1123 
1051 1052 1123 1124 
1052 1053 1124 1125 
1053 1054 1125 1126 
1054 1055 1126 1127 
1055 1056 1127 1128 
1056 1057 1128 1129 
1057 1058 1129 1130 
1058 1059 1130 1131 
1059 1060 1131 1132 
1060 1061 1132 1133 
1061 1062 1133 1134 
1062 1063 1134 1135 
1063 1064 1135 1136 
1064 1065 1136 1137 
1065 1066 1137 1138 
1066 1067 1138 1139 
1067 1068 1139 1140 
1068 1069 1140 1141 
1069 1070 1141 1142 
1070 1071 1142 1143 
1071 1072 1143 1144 
1072 1073 1144 1145 
1073 1074 1145 1146 
1074 1075 1146 1147 
1075 1076 1147 1148 
1076 1077 1148 1149 
1077 1078 1149 1150 
1078 1079 1150 1151 
1080 1081 1152 1153 
1081 1082 1153 1154 
1082 1083 1154 1155 
1083 1084 1155 1156 
1084 1085 1156 1157 
1085 1086 1157 1158 
1086 1087 1158 1159 
1087 1088 1159 1160 
1088 1089 1160 1161 
1089 1090 1161 1162 
1090 1091 1162 1163 
1091 1092 1163 1164 
1092 1093 1164 1165 
1093 1094 1165 1166 
1094 1095 1166 1167 
1095 1096 1167 1168 
1096 1097 1168 1169 
1097 1098 1169 1170 
1098 1099 1170 1171 
1099 1100 1171 1172 
1100 1101 1172 1173 
1101 1102 1173 1174 
1102 1103 1174 1175 
1103 1104 1175 1176 
1104 1105 1176 1177 
1105 1106 1177 1178 
1106 1107 1178 1179 
1107 1108 1179 1180 
1108 1109 1180 1181 
1109 1110 1181 1182 
1110 1111 1182 1183 
1111 1112 1183 1184 
1112 1113 1184 1185 
1113 1114 1185 1186 
1114 1115 1186 1187 
1115 1116 1187 1188 
1116 1117 1188 1189 
1117 1118 1189 1190 
1118 1119 1190 1191 
1119 1120 1191 1192 
1120 1121 1192 1193 
1121 1122 1193 1194 
1122 1123 1194 1195 
1123 1124 1195 1196 
1124 1125 1196 1197 
1125 1126 1197 1198 
1126 1127 1198 1199 
1127 1128 1199 1200 
1128 1129 1200 1201 
1129 1130 1201 1202 
1130 1131 1202 1203 
1131 1132 1203 1204 
1132 1133 1204 1205 
1133 1134 1205 1206 
1134 1135 1206 1207 
1135 1136 1207 1208 
1136 1137 1208 1209 
1137 1138 1209 1210 
1138 1139 1210 1211 
1139 1140 1211 1212 
1140 1141 1212 1213 
1141 1142 1213 1214 
1142 1143 1214 1215 
1143 1144 1215 1216 
1144 1145 1216 1217 
1145 1146 1217 1218 
1146 1147 1218 1219 
1147 1148 1219 1220 
1148 1149 1220 1221 
1149 1150 1221 1222 
1150 1151 1222 1223 
1152 1153 1224 1225 
1153 1154 1225 1226 
1154 1155 1226 1227 
1155 1156 1227 1228 
1156 1157 1228 1229 
1157 1158 1229 1230 
1158 1159 1230 1231 
1159 1160 1231 1232 
1160 1161 1232 1233 
1161 1162 1233 1234 
1162 1163 1234 1235 
1163 1164 1235 1236 
1164 1165 1236 1237 
1165 1166 1237 1238 
1166 1167 1238 1239 
1167 1168 1239 1240 
1168 1169 1240 1241 
1169 1170 1241 1242 
1170 1171 1242 1243 
1171 1172 1243 1244 
1172 1173 1244 1245 
1173 1174 1245 1246 
1174 1175 1246 1247 
1175 1176 1247 1248 
1176 1177 1248 1249 
1177 1178 1249 1250 
1178 1179 1250 1251 
1179 1180 1251 1252 
1180 1181 1252 1253 
1181 1182 1253 1254 
1182 1183 1254 1255 
1183 1184 1255 1256 
1184 1185 1256 1257 
1185 1186 1257 1258 
1186 1187 1258 1259 
1187 1188 1259 1260 
1188 1189 1260 1261 
1189 1190 1261 1262 
1190 1191 1262 1263 
1191 1192 1263 1264 
1192 1193 1264 1265 
1193 1194 1265 1266 
1194 1195 1266 1267 
1195 1196 1267 1268 
1196 1197 1268 1269 
1197 1198 1269 1270 
1198 1199 1270 1271 
1199 1200 1271 1272 
1200 1201 1272 1273 
1201 1202 1273 1274 
1202 1203 1274 1275 
1203 1204 1275 1276 
1204 1205 1276 1277 
1205 1206 1277 1278 
1206 1207 1278 1279 
1207 1208 1279 1280 
1208 1209 1280 1281 
1209 1210 1281 1282 
1210 1211 1282 1283 
1211 1212 1283 1284 
1212 1213 1284 1285 
1213 1214 1285 1286 
1214 1215 1286 1287 
1215 1216 1287 1288 
1216 1217 1288 1289 
1217 1218 1289 1290 
1218 1219 1290 1291 
1219 1220 1291 1292 
1220 1221 1292 1293 
1221 1222 1293 1294 
1222 1223 1294 1295 
1224 1225 1296 1297 
1225 1226 1297 1298 
1226 1227 1298 1299 
1227 1228 1299 1300 
1228 1229 1300 1301 
1229 1230 1301 1302 
1230 1231 1302 1303 
1231 1232 1303 1304 
1232 1233 1304 1305 
1233 1234 1305 1306 
1234 1235 1306 1307 
1235 1236 1307 1308 
1236 1237 1308 1309 
1237 1238 1309 1310 
1238 1239 1310 1311 
1239 1240 1311 1312 
1240 1241 1312 1313 
1241 1242 1313 1314 
1242 1243 1314 1315 
1243 1244 1315 1316 
1244 1245 1316 1317 
1245 1246 1317 1318 
1246 1247 1318 1319 
1247 1248 1319 1320 
1248 1249 1320 1321 
1249 1250 1321 1322 
1250 1251 1322 1323 
1251 1252 1323 1324 
1252 1253 1324 1325 
1253 1254 1325 1326 
1254 1255 1326 1327 
1255 1256 1327 1328 
1256 1257 1328 1329 
1257 1258 1329 1330 
1258 1259 1330 1331 
1259 1260 1331 1332 
1260 1261 1332 1333 
1261 1262 1333 1334 
1262 1263 1334 1335 
1263 1264 1335 1336 
1264 1265 1336 1337 
1265 1266 1337 1338 
1266 1267 1338 1339 
1267 1268 1339 1340 
1268 1269 1340 1341 
1269 1270 1341 1342 
1270 1271 1342 1343 
1271 1272 1343 1344 
1272 1273 1344 1345 
1273 1274 1345 1346 
1274 1275 1346 1347 
1275 1276 1347 1348 
1276 1277 1348 1349 
1277 1278 1349 1350 
1278 1279 1350 1351 
1279 1280 1351 1352 
1280 1281 1352 1353 
1281 1282 1353 1354 
1282 1283 1354 1355 
1283 1284 1355 1356 
1284 1285 1356 1357 
1285 1286 1357 1358 
1286 1287 1358 1359 
1287 1288 1359 1360 
1288 1289 1360 1361 
1289 1290 1361 1362 
1290 1291 1362 1363 
1291 1292 1363 1364 
1292 1293 1364 1365 
1293 1294 1365 1366 
1294 1295 1366 1367 
1296 1297 1368 1369 
1297 1298 1369 1370 
1298 1299 1370 1371 
1299 1300 1371 1372 
1300 1301 1372 1373 
1301 1302 1373 1374 
1302 1303 1374 1375 
1303 1304 1375 1376 
1304 1305 1376 1377 
1305 1306 1377 1378 
1306 1307 1378 1379 
1307 1308 1379 1380 
1308 1309 1380 1381 
1309 1310 1381 1382 
1310 1311 1382 1383 
1311 1312 1383 1384 
1312 1313 1384 1385 
1313 1314 1385 1386 
1314 1315 1386 1387 
1315 1316 1387 1388 
1316 1317 1388 1389 
1317 1318 1389 1390 
1318 1319 1390 1391 
1319 1320 1391 1392 
1320 1321 1392 1393 
1321 1322 1393 1394 
1322 1323 1394 1395 
1323 1324 1395 1396 
1324 1325 1396 1397 
1325 1326 1397 1398 
1326 1327 1398 1399 
1327 1328 1399 1400 
1328 1329 1400 1401 
1329 1330 1401 1402 
1330 1331 1402 1403 
1331 1332 1403 1404 
1332 1333 1404 1405 
1333 1334 1405 1406 
1334 1335 1406 1407 
1335 1336 1407 1408 
1336 1337 1408 1409 
1337 1338 1409 1410 
1338 1339 1410 1411 
1339 1340 1411 1412 
1340 1341 1412 1413 
1341 1342 1413 1414 
1342 1343 1414 1415 
1343 1344 1415 1416 
1344 1345 1416 1417 
1345 1346 1417 1418 
1346 1347 1418 1419 
1347 1348 1419 1420 
1348 1349 1420 1421 
1349 1350 1421 1422 
1350 1351 1422 1423 
1351 1352 1423 1424 
1352 1353 1424 1425 
1353 1354 1425 1426 
1354 1355 1426 1427 
1355 1356 1427 1428 
1356 1357 1428 1429 
1357 1358 1429 1430 
1358 1359 1430 1431 
1359 1360 1431 1432 
1360 1361 1432 1433 
1361 1362 1433 1434 
1362 1363 1434 1435 
1363 1364 1435 1436 
1364 1365 1436 1437 
1365 1366 1437 1438 
1366 1367 1438 1439 
1368 1369 1440 1441 
1369 1370 1441 1442 
1370 1371 1442 1443 
1371 1372 1443 1444 
1372 1373 1444 1445 
1373 1374 1445 1446 
1374 1375 1446 1447 
1375 1376 1447 1448 
1376 1377 1448 1449 
1377 1378 1449 1450 
1378 1379 1450 1451 
1379 1380 1451 1452 
1380 1381 1452 1453 
1381 1382 1453 1454 
1382 1383 1454 1455 
1383 1384 1455 1456 
1384 1385 1456 1457 
1385 1386 1457 1458 
1386 1387 1458 1459 
1387 1388 1459 1460 
1388 1389 1460 1461 
1389 1390 1461 1462 
1390 1391 1462 1463 
1391 1392 1463 1464 
1392 1393 1464 1465 
1393 1394 1465 1466 
1394 1395 1466 1467 
1395 1396 1467 1468 
1396 1397 1468 1469 
1397 1398 1469 1470 
1398 1399 1470 1471 
1399 1400 1471 1472 
1400 1401 1472 1473 
1401 1402 1473 1474 
1402 1403 1474 1475 
1403 1404 1475 1476 
1404 1405 1476 1477 
1405 1406 1477 1478 
1406 1407 1478 1479 
1407 1408 1479 1480 
1408 1409 1480 1481 
1409 1410 1481 1482 
1410 1411 1482 1483 
1411 1412 1483 1484 
1412 1413 1484 1485 
1413 1414 1485 1486 
1414 1415 1486 1487 
1415 1416 1487 1488 
1416 1417 1488 1489 
1417 1418 1489 1490 
1418 1419 1490 1491 
1419 1420 1491 1492 
1420 1421 1492 1493 
1421 1422 1493 1494 
1422 1423 1494 1495 
1423 1424 1495 1496 
1424 1425 1496 1497 
1425 1426 1497 1498 
1426 1427 1498 1499 
1427 1428 1499 1500 
1428 1429 1500 1501 
1429 1430 1501 1502 
1430 1431 1502 1503 
1431 1432 1503 1504 
1432 1433 1504 1505 
1433 1434 1505 1506 
1434 1435 1506 1507 
1435 1436 1507 1508 
1436 1437 1508 1509 
1437 1438 1509 1510 
1438 1439 1510 1511 
1440 1441 1512 1513 
1441 1442 1513 1514 
1442 1443 1514 1515 
1443 1444 1515 1516 
1444 1445 1516 1517 
1445 1446 1517 1518 
1446 1447 1518 1519 
1447 1448 1519 1520 
1448 1449 1520 1521 
1449 1450 1521 1522 
1450 1451 1522 1523 
1451 1452 1523 1524 
1452 1453 1524 1525 
1453 1454 1525 1526 
1454 1455 1526 1527 
1455 1456 1527 1528 
1456 1457 1528 1529 
1457 1458 1529 1530 
1458 1459 1530 1531 
1459 1460 1531 1532 
1460 1461 1532 1533 
1461 1462 1533 1534 
1462 1463 1534 1535 
1463 1464 1535 1536 
1464 1465 1536 1537 
1465 1466 1537 1538 
1466 1467 1538 1539 
1467 1468 1539 1540 
1468 1469 1540 1541 
1469 1470 1541 1542 
1470 1471 1542 1543 
1471 1472 1543 1544 
1472 1473 1544 1545 
1473 1474 1545 1546 
1474 1475 1546 1547 
1475 1476 1547 1548 
1476 1477 1548 1549 
1477 1478 1549 1550 
1478 1479 1550 1551 
1479 1480 1551 1552 
1480 1481 1552 1553 
1481 1482 1553 1554 
1482 1483 1554 1555 
1483 1484 1555 1556 
1484 1485 1556 1557 
1485 1486 1557 1558 
1486 1487 1558 1559 
1487 1488 1559 1560 
1488 1489 1560 1561 
1489 1490 1561 1562 
1490 1491 1562 1563 
1491 1492 1563 1564 
1492 1493 1564 1565 
1493 1494 1565 1566 
1494 1495 1566 1567 
1495 1496 1567 1568 
1496 1497 1568 1569 
1497 1498 1569 1570 
1498 1499 1570 1571 
1499 1500 1571 1572 
1500 1501 1572 1573 
1501 1502 1573 1574 
1502 1503 1574 1575 
1503 1504 1575 1576 
1504 1505 1576 1577 
1505 1506 1577 1578 
1506 1507 1578 1579 
1507 1508 1579 1580 
1508 1509 1580 1581 
1509 1510 1581 1582 
1510 1511 1582 1583 
1512 1513 1584 1585 
1513 1514 1585 1586 
1514 1515 1586 1587 
1515 1516 1587 1588 
1516 1517 1588 1589 
1517 1518 1589 1590 
1518 1519 1590 1591 
1519 1520 1591 1592 
1520 1521 1592 1593 
1521 1522 1593 1594 
1522 1523 1594 1595 
1523 1524 1595 1596 
1524 1525 1596 1597 
1525 1526 1597 1598 
1526 1527 1598 1599 
1527 1528 1599 1600 
1528 1529 1600 1601 
1529 1530 1601 1602 
1530 1531 1602 1603 
1531 1532 1603 1604 
1532 1533 1604 1605 
1533 1534 1605 1606 
1534 1535 1606 1607 
1535 1536 1607 1608 
1536 1537 1608 1609 
1537 1538 1609 1610 
1538 1539 1610 1611 
1539 1540 1611 1612 
1540 1541 1612 1613 
1541 1542 1613 1614 
1542 1543 1614 1615 
1543 1544 1615 1616 
1544 1545 1616 1617 
1545 1546 1617 1618 
1546 1547 1618 1619 
1547 1548 1619 1620 
1548 1549 1620 1621 
1549 1550 1621 1622 
1550 1551 1622 1623 
1551 1552 1623 1624 
1552 1553 1624 1625 
1553 1554 1625 1626 
1554 1555 1626 1627 
1555 1556 1627 1628 
1556 1557 1628 1629 
1557 1558 1629 1630 
1558 1559 1630 1631 
1559 1560 1631 1632 
1560 1561 1632 1633 
1561 1562 1633 1634 
1562 1563 1634 1635 
1563 1564 1635 1636 
1564 1565 1636 1637 
1565 1566 1637 1638 
1566 1567 1638 1639 
1567 1568 1639 1640 
1568 1569 1640 1641 
1569 1570 1641 1642 
1570 1571 1642 1643 
1571 1572 1643 1644 
1572 1573 1644 1645 
1573 1574 1645 1646 
1574 1575 1646 1647 
1575 1576 1647 1648 
1576 1577 1648 1649 
1577 1578 1649 1650 
1578 1579 1650 1651 
1579 1580 1651 1652 
1580 1581 1652 1653 
1581 1582 1653 1654 
1582 1583 1654 1655 
1584 1585 1656 1657 
1585 1586 1657 1658 
1586 1587 1658 1659 
1587 1588 1659 1660 
1588 1589 1660 1661 
1589 1590 1661 1662 
1590 1591 1662 1663 
1591 1592 1663 1664 
1592 1593 1664 1665 
1593 1594 1665 1666 
1594 1595 1666 1667 
1595 1596 1667 1668 
1596 1597 1668 1669 
1597 1598 1669 1670 
1598 1599 1670 1671 
1599 1600 1671 1672 
1600 1601 1672 1673 
1601 1602 1673 1674 
1602 1603 1674 1675 
1603 1604 1675 1676 
1604 1605 1676 1677 
1605 1606 1677 1678 
1606 1607 1678 1679 
1607 1608 1679 1680 
1608 1609 1680 1681 
1609 1610 1681 1682 
1610 1611 1682 1683 
1611 1612 1683 1684 
1612 1613 1684 1685 
1613 1614 1685 1686 
1614 1615 1686 1687 
1615 1616 1687 1688 
1616 1617 1688 1689 
1617 1618 1689 1690 
1618 1619 1690 1691 
1619 1620 1691 1692 
1620 1621 1692 1693 
1621 1622 1693 1694 
1622 1623 1694 1695 
1623 1624 1695 1696 
1624 1625 1696 1697 
1625 1626 1697 1698 
1626 1627 1698 1699 
1627 1628 1699 1700 
1628 1629 1700 1701 
1629 1630 1701 1702 
1630 1631 1702 1703 
1631 1632 1703 1704 
1632 1633 1704 1705 
1633 1634 1705 1706 
1634 1635 1706 1707 
1635 1636 1707 1708 
1636 1637 1708 1709 
1637 1638 1709 1710 
1638 1639 1710 1711 
1639 1640 1711 1712 
1640 1641 1712 1713 
1641 1642 1713 1714 
1642 1643 1714 1715 
1643 1644 1715 1716 
1644 1645 1716 1717 
1645 1646 1717 1718 
1646 1647 1718 1719 
1647 1648 1719 1720 
1648 1649 1720 1721 
1649 1650 1721 1722 
1650 1651 1722 1723 
1651 1652 1723 1724 
1652 1653 1724 1725 
1653 1654 1725 1726 
1654 1655 1726 1727 
1656 1657 1728 1729 
1657 1658 1729 1730 
1658 1659 1730 1731 
1659 1660 1731 1732 
1660 1661 1732 1733 
1661 1662 1733 1734 
1662 1663 1734 1735 
1663 1664 1735 1736 
1664 1665 1736 1737 
1665 1666 1737 1738 
1666 1667 1738 1739 
1667 1668 1739 1740 
1668 1669 1740 1741 
1669 1670 1741 1742 
1670 1671 1742 1743 
1671 1672 1743 1744 
1672 1673 1744 1745 
1673 1674 1745 1746 
1674 1675 1746 1747 
1675 1676 1747 1748 
1676 1677 1748 1749 
1677 1678 1749 1750 
1678 1679 1750 1751 
1679 1680 1751 1752 
1680 1681 1752 1753 
1681 1682 1753 1754 
1682 1683 1754 1755 
1683 1684 1755 1756 
1684 1685 1756 1757 
1685 1686 1757 1758 
1686 1687 1758 1759 
1687 1688 1759 1760 
1688 1689 1760 1761 
1689 1690 1761 1762 
1690 1691 1762 1763 
1691 1692 1763 1764 
1692 1693 1764 1765 
1693 1694 1765 1766 
1694 1695 1766 1767 
1695 1696 1767 1768 
1696 1697 1768 1769 
1697 1698 1769 1770 
1698 1699 1770 1771 
1699 1700 1771 1772 
1700 1701 1772 1773 
1701 1702 1773 1774 
1702 1703 1774 1775 
1703 1704 1775 1776 
1704 1705 1776 1777 
1705 1706 1777 1778 
1706 1707 1778 1779 
1707 1708 1779 1780 
1708 1709 1780 1781 
1709 1710 1781 1782 
1710 1711 1782 1783 
1711 1712 1783 1784 
1712 1713 1784 1785 
1713 1714 1785 1786 
1714 1715 1786 1787 
1715 1716 1787 1788 
1716 1717 1788 1789 
1717 1718 1789 1790 
1718 1719 1790 1791 
1719 1720 1791 1792 
1720 1721 1792 1793 
1721 1722 1793 1794 
1722 1723 1794 1795 
1723 1724 1795 1796 
1724 1725 1796 1797 
1725 1726 1797 1798 
1726 1727 1798 1799 
1728 1729 1800 1801 
1729 1730 1801 1802 
1730 1731 1802 1803 
1731 1732 1803 1804 
1732 1733 1804 1805 
1733 1734 1805 1806 
1734 1735 1806 1807 
1735 1736 1807 1808 
1736 1737 1808 1809 
1737 1738 1809 1810 
1738 1739 1810 1811 
1739 1740 1811 1812 
1740 1741 1812 1813 
1741 1742 1813 1814 
1742 1743 1814 1815 
1743 1744 1815 1816 
1744 1745 1816 1817 
1745 1746 1817 1818 
1746 1747 1818 1819 
1747 1748 1819 1820 
1748 1749 1820 1821 
1749 1750 1821 1822 
1750 1751 1822 1823 
1751 1752 1823 1824 
1752 1753 1824 1825 
1753 1754 1825 1826 
1754 1755 1826 1827 
1755 1756 1827 1828 
1756 1757 1828 1829 
1757 1758 1829 1830 
1758 1759 1830 1831 
1759 1760 1831 1832 
1760 1761 1832 1833 
1761 1762 1833 1834 
1762 1763 1834 1835 
1763 1764 1835 1836 
1764 1765 1836 1837 
1765 1766 1837 1838 
1766 1767 1838 1839 
1767 1768 1839 1840 
1768 1769 1840 1841 
1769 1770 1841 1842 
1770 1771 1842 1843 
1771 1772 1843 1844 
1772 1773 1844 1845 
1773 1774 1845 1846 
1774 1775 1846 1847 
1775 1776 1847 1848 
1776 1777 1848 1849 
1777 1778 1849 1850 
1778 1779 1850 1851 
1779 1780 1851 1852 
1780 1781 1852 1853 
1781 1782 1853 1854 
1782 1783 1854 1855 
1783 1784 1855 1856 
1784 1785 1856 1857 
1785 1786 1857 1858 
1786 1787 1858 1859 
1787 1788 1859 1860 
1788 1789 1860 1861 
1789 1790 1861 1862 
1790 1791 1862 1863 
1791 1792 1863 1864 
1792 1793 1864 1865 
1793 1794 1865 1866 
1794 1795 1866 1867 
1795 1796 1867 1868 
1796 1797 1868 1869 
1797 1798 1869 1870 
1798 1799 1870 1871 
1800 1801 1872 1873 
1801 1802 1873 1874 
1802 1803 1874 1875 
1803 1804 1875 1876 
1804 1805 1876 1877 
1805 1806 1877 1878 
1806 1807 1878 1879 
1807 1808 1879 1880 
1808 1809 1880 1881 
1809 1810 1881 1882 
1810 1811 1882 1883 
1811 1812 1883 1884 
1812 1813 1884 1885 
1813 1814 1885 1886 
1814 1815 1886 1887 
1815 1816 1887 1888 
1816 1817 1888 1889 
1817 1818 1889 1890 
1818 1819 1890 1891 
1819 1820 1891 1892 
1820 1821 1892 1893 
1821 1822 1893 1894 
1822 1823 1894 1895 
1823 1824 1895 1896 
1824 1825 1896 1897 
1825 1826 1897 1898 
1826 1827 1898 1899 
1827 1828 1899 1900 
1828 1829 1900 1901 
1829 1830 1901 1902 
1830 1831 1902 1903 
1831 1832 1903 1904 
1832 1833 1904 1905 
1833 1834 1905 1906 
1834 1835 1906 1907 
1835 1836 1907 1908 
1836 1837 1908 1909 
1837 1838 1909 1910 
1838 1839 1910 1911 
1839 1840 1911 1912 
1840 1841 1912 1913 
1841 1842 1913 1914 
1842 1843 1914 1915 
1843 1844 1915 1916 
1844 1845 1916 1917 
1845 1846 1917 1918 
1846 1847 1918 1919 
1847 1848 1919 1920 
1848 1849 1920 1921 
1849 1850 1921 1922 
1850 1851 1922 1923 
1851 1852 1923 1924 
1852 1853 1924 1925 
1853 1854 1925 1926 
1854 1855 1926 1927 
1855 1856 1927 1928 
1856 1857 1928 1929 
1857 1858 1929 1930 
1858 1859 1930 1931 
1859 1860 1931 1932 
1860 1861 1932 1933 
1861 1862 1933 1934 
1862 1863 1934 1935 
1863 1864 1935 1936 
1864 1865 1936 1937 
1865 1866 1937 1938 
1866 1867 1938 1939 
1867 1868 1939 1940 
1868 1869 1940 1941 
1869 1870 1941 1942 
1870 1871 1942 1943 
1872 1873 1944 1945 
1873 1874 1945 1946 
1874 1875 1946 1947 
1875 1876 1947 1948 
1876 1877 1948 1949 
1877 1878 1949 1950 
1878 1879 1950 1951 
1879 1880 1951 1952 
1880 1881 1952 1953 
1881 1882 1953 1954 
1882 1883 1954 1955 
1883 1884 1955 1956 
1884 1885 1956 1957 
1885 1886 1957 1958 
1886 1887 1958 1959 
1887 1888 1959 1960 
1888 1889 1960 1961 
1889 1890 1961 1962 
1890 1891 1962 1963 
1891 1892 1963 1964 
1892 1893 1964 1965 
1893 1894 1965 1966 
1894 1895 1966 1967 
1895 1896 1967 1968 
1896 1897 1968 1969 
1897 1898 1969 1970 
1898 1899 1970 1971 
1899 1900 1971 1972 
1900 1901 1972 1973 
1901 1902 1973 1974 
1902 1903 1974 1975 
1903 1904 1975 1976 
1904 1905 1976 1977 
1905 1906 1977 1978 
1906 1907 1978 1979 
1907 1908 1979 1980 
1908 1909 1980 1981 
1909 1910 1981 1982 
1910 1911 1982 1983 
1911 1912 1983 1984 
1912 1913 1984 1985 
1913 1914 1985 1986 
1914 1915 1986 1987 
1915 1916 1987 1988 
1916 1917 1988 1989 
1917 1918 1989 1990 
1918 1919 1990 1991 
1919 1920 1991 1992 
1920 1921 1992 1993 
1921 1922 1993 1994 
1922 1923 1994 1995 
1923 1924 1995 1996 
1924 1925 1996 1997 
1925 1926 1997 1998 
1926 1927 1998 1999 
1927 1928 1999 2000 
1928 1929 2000 2001 
1929 1930 2001 2002 
1930 1931 2002 2003 
1931 1932 2003 2004 
1932 1933 2004 2005 
1933 1934 2005 2006 
1934 1935 2006 2007 
1935 1936 2007 2008 
1936 1937 2008 2009 
1937 1938 2009 2010 
1938 1939 2010 2011 
1939 1940 2011 2012 
1940 1941 2012 2013 
1941 1942 2013 2014 
1942 1943 2014 2015 
1944 1945 2016 2017 
1945 1946 2017 2018 
1946 1947 2018 2019 
1947 1948 2019 2020 
1948 1949 2020 2021 
1949 1950 2021 2022 
1950 1951 2022 2023 
1951 1952 2023 2024 
1952 1953 2024 2025 
1953 1954 2025 2026 
1954 1955 2026 2027 
1955 1956 2027 2028 
1956 1957 2028 2029 
1957 1958 2029 2030 
1958 1959 2030 2031 
1959 1960 2031 2032 
1960 1961 2032 2033 
1961 1962 2033 2034 
1962 1963 2034 2035 
1963 1964 2035 2036 
1964 1965 2036 2037 
1965 1966 2037 2038 
1966 1967 2038 2039 
1967 1968 2039 2040 
1968 1969 2040 2041 
1969 1970 2041 2042 
1970 1971 2042 2043 
1971 1972 2043 2044 
1972 1973 2044 2045 
1973 1974 2045 2046 
1974 1975 2046 2047 
1975 1976 2047 2048 
1976 1977 2048 2049 
1977 1978 2049 2050 
1978 1979 2050 2051 
1979 1980 2051 2052 
1980 1981 2052 2053 
1981 1982 2053 2054 
1982 1983 2054 2055 
1983 1984 2055 2056 
1984 1985 2056 2057 
1985 1986 2057 2058 
1986 1987 2058 2059 
1987 1988 2059 2060 
1988 1989 2060 2061 
1989 1990 2061 2062 
1990 1991 2062 2063 
1991 1992 2063 2064 
1992 1993 2064 2065 
1993 1994 2065 2066 
1994 1995 2066 2067 
1995 1996 2067 2068 
1996 1997 2068 2069 
1997 1998 2069 2070 
1998 1999 2070 2071 
1999 2000 2071 2072 
2000 2001 2072 2073 
2001 2002 2073 2074 
2002 2003 2074 2075 
2003 2004 2075 2076 
2004 2005 2076 2077 
2005 2006 2077 2078 
2006 2007 2078 2079 
2007 2008 2079 2080 
2008 2009 2080 2081 
2009 2010 2081 2082 
2010 2011 2082 2083 
2011 2012 2083 2084 
2012 2013 2084 2085 
2013 2014 2085 2086 
2014 2015 2086 2087 
2016 2017 2088 2089 
2017 2018 2089 2090 
2018 2019 2090 2091 
2019 2020 2091 2092 
2020 2021 2092 2093 
2021 2022 2093 2094 
2022 2023 2094 2095 
2023 2024 2095 2096 
2024 2025 2096 2097 
2025 2026 2097 2098 
2026 2027 2098 2099 
2027 2028 2099 2100 
2028 2029 2100 2101 
2029 2030 2101 2102 
2030 2031 2102 2103 
2031 2032 2103 2104 
2032 2033 2104 2105 
2033 2034 2105 2106 
2034 2035 2106 2107 
2035 2036 2107 2108 
2036 2037 2108 2109 
2037 2038 2109 2110 
2038 2039 2110 2111 
2039 2040 2111 2112 
2040 2041 2112 2113 
2041 2042 2113 2114 
2042 2043 2114 2115 
2043 2044 2115 2116 
2044 2045 2116 2117 
2045 2046 2117 2118 
2046 2047 2118 2119 
2047 2048 2119 2120 
2048 2049 2120 2121 
2049 2050 2121 2122 
2050 2051 2122 2123 
2051 2052 2123 2124 
2052 2053 2124 2125 
2053 2054 2125 2126 
2054 2055 2126 2127 
2055 2056 2127 2128 
2056 2057 2128 2129 
2057 2058 2129 2130 
2058 2059 2130 2131 
2059 2060 2131 2132 
2060 2061 2132 2133 
2061 2062 2133 2134 
2062 2063 2134 2135 
2063 2064 2135 2136 
2064 2065 2136 2137 
2065 2066 2137 2138 
2066 2067 2138 2139 
2067 2068 2139 2140 
2068 2069 2140 2141 
2069 2070 2141 2142 
2070 2071 2142 2143 
2071 2072 2143 2144 
2072 2073 2144 2145 
2073 2074 2145 2146 
2074 2075 2146 2147 
2075 2076 2147 2148 
2076 2077 2148 2149 
2077 2078 2149 2150 
2078 2079 2150 2151 
2079 2080 2151 2152 
2080 2081 2152 2153 
2081 2082 2153 2154 
2082 2083 2154 2155 
2083 2084 2155 2156 
2084 2085 2156 2157 
2085 2086 2157 2158 
2086 2087 2158 2159 
2088 2089 2160 2161 
2089 2090 2161 2162 
2090 2091 2162 2163 
2091 2092 2163 2164 
2092 2093 2164 2165 
2093 2094 2165 2166 
2094 2095 2166 2167 
2095 2096 2167 2168 
2096 2097 2168 2169 
2097 2098 2169 2170 
2098 2099 2170 2171 
2099 2100 2171 2172 
2100 2101 2172 2173 
2101 2102 2173 2174 
2102 2103 2174 2175 
2103 2104 2175 2176 
2104 2105 2176 2177 
2105 2106 2177 2178 
2106 2107 2178 2179 
2107 2108 2179 2180 
2108 2109 2180 2181 
2109 2110 2181 2182 
2110 2111 2182 2183 
2111 2112 2183 2184 
2112 2113 2184 2185 
2113 2114 2185 2186 
2114 2115 2186 2187 
2115 2116 2187 2188 
2116 2117 2188 2189 
2117 2118 2189 2190 
2118 2119 2190 2191 
2119 2120 2191 2192 
2120 2121 2192 2193 
2121 2122 2193 2194 
2122 2123 2194 2195 
2123 2124 2195 2196 
2124 2125 2196 2197 
2125 2126 2197 2198 
2126 2127 2198 2199 
2127 2128 2199 2200 
2128 2129 2200 2201 
2129 2130 2201 2202 
2130 2131 2202 2203 
2131 2132 2203 2204 
2132 2133 2204 2205 
2133 2134 2205 2206 
2134 2135 2206 2207 
2135 2136 2207 2208 
2136 2137 2208 2209 
2137 2138 2209 2210 
2138 2139 2210 2211 
2139 2140 2211 2212 
2140 2141 2212 2213 
2141 2142 2213 2214 
2142 2143 2214 2215 
2143 2144 2215 2216 
2144 2145 2216 2217 
2145 2146 2217 2218 
2146 2147 2218 2219 
2147 2148 2219 2220 
2148 2149 2220 2221 
2149 2150 2221 2222 
2150 2151 2222 2223 
2151 2152 2223 2224 
2152 2153 2224 2225 
2153 2154 2225 2226 
2154 2155 2226 2227 
2155 2156 2227 2228 
2156 2157 2228 2229 
2157 2158 2229 2230 
2158 2159 2230 2231 
2160 2161 2232 2233 
2161 2162 2233 2234 
2162 2163 2234 2235 
2163 2164 2235 2236 
2164 2165 2236 2237 
2165 2166 2237 2238 
2166 2167 2238 2239 
2167 2168 2239 2240 
2168 2169 2240 2241 
2169 2170 2241 2242 
2170 2171 2242 2243 
2171 2172 2243 2244 
2172 2173 2244 2245 
2173 2174 2245 2246 
2174 2175 2246 2247 
2175 2176 2247 2248 
2176 2177 2248 2249 
2177 2178 2249 2250 
2178 2179 2250 2251 
2179 2180 2251 2252 
2180 2181 2252 2253 
2181 2182 2253 2254 
2182 2183 2254 2255 
2183 2184 2255 2256 
2184 2185 2256 2257 
2185 2186 2257 2258 
2186 2187 2258 2259 
2187 2188 2259 2260 
2188 2189 2260 2261 
2189 2190 2261 2262 
2190 2191 2262 2263 
2191 2192 2263 2264 
2192 2193 2264 2265 
2193 2194 2265 2266 
2194 2195 2266 2267 
2195 2196 2267 2268 
2196 2197 2268 2269 
2197 2198 2269 2270 
2198 2199 2270 2271 
2199 2200 2271 2272 
2200 2201 2272 2273 
2201 2202 2273 2274 
2202 2203 2274 2275 
2203 2204 2275 2276 
2204 2205 2276 2277 
2205 2206 2277 2278 
2206 2207 2278 2279 
2207 2208 2279 2280 
2208 2209 2280 2281 
2209 2210 2281 2282 
2210 2211 2282 2283 
2211 2212 2283 2284 
2212 2213 2284 2285 
2213 2214 2285 2286 
2214 2215 2286 2287 
2215 2216 2287 2288 
2216 2217 2288 2289 
2217 2218 2289 2290 
2218 2219 2290 2291 
2219 2220 2291 2292 
2220 2221 2292 2293 
2221 2222 2293 2294 
2222 2223 2294 2295 
2223 2224 2295 2296 
2224 2225 2296 2297 
2225 2226 2297 2298 
2226 2227 2298 2299 
2227 2228 2299 2300 
2228 2229 2300 2301 
2229 2230 2301 2302 
2230 2231 2302 2303 
2232 2233 2304 2305 
2233 2234 2305 2306 
2234 2235 2306 2307 
2235 2236 2307 2308 
2236 2237 2308 2309 
2237 2238 2309 2310 
2238 2239 2310 2311 
2239 2240 2311 2312 
2240 2241 2312 2313 
2241 2242 2313 2314 
2242 2243 2314 2315 
2243 2244 2315 2316 
2244 2245 2316 2317 
2245 2246 2317 2318 
2246 2247 2318 2319 
2247 2248 2319 2320 
2248 2249 2320 2321 
2249 2250 2321 2322 
2250 2251 2322 2323 
2251 2252 2323 2324 
2252 2253 2324 2325 
2253 2254 2325 2326 
2254 2255 2326 2327 
2255 2256 2327 2328 
2256 2257 2328 2329 
2257 2258 2329 2330 
2258 2259 2330 2331 
2259 2260 2331 2332 
2260 2261 2332 2333 
2261 2262 2333 2334 
2262 2263 2334 2335 
2263 2264 2335 2336 
2264 2265 2336 2337 
2265 2266 2337 2338 
2266 2267 2338 2339 
2267 2268 2339 2340 
2268 2269 2340 2341 
2269 2270 2341 2342 
2270 2271 2342 2343 
2271 2272 2343 2344 
2272 2273 2344 2345 
2273 2274 2345 2346 
2274 2275 2346 2347 
2275 2276 2347 2348 
2276 2277 2348 2349 
2277 2278 2349 2350 
2278 2279 2350 2351 
2279 2280 2351 2352 
2280 2281 2352 2353 
2281 2282 2353 2354 
2282 2283 2354 2355 
2283 2284 2355 2356 
2284 2285 2356 2357 
2285 2286 2357 2358 
2286 2287 2358 2359 
2287 2288 2359 2360 
2288 2289 2360 2361 
2289 2290 2361 2362 
2290 2291 2362 2363 
2291 2292 2363 2364 
2292 2293 2364 2365 
2293 2294 2365 2366 
2294 2295 2366 2367 
2295 2296 2367 2368 
2296 2297 2368 2369 
2297 2298 2369 2370 
2298 2299 2370 2371 
2299 2300 2371 2372 
2300 2301 2372 2373 
2301 2302 2373 2374 
2302 2303 2374 2375 
2304 2305 2376 2377 
2305 2306 2377 2378 
2306 2307 2378 2379 
2307 2308 2379 2380 
2308 2309 2380 2381 
2309 2310 2381 2382 
2310 2311 2382 2383 
2311 2312 2383 2384 
2312 2313 2384 2385 
2313 2314 2385 2386 
2314 2315 2386 2387 
2315 2316 2387 2388 
2316 2317 2388 2389 
2317 2318 2389 2390 
2318 2319 2390 2391 
2319 2320 2391 2392 
2320 2321 2392 2393 
2321 2322 2393 2394 
2322 2323 2394 2395 
2323 2324 2395 2396 
2324 2325 2396 2397 
2325 2326 2397 2398 
2326 2327 2398 2399 
2327 2328 2399 2400 
2328 2329 2400 2401 
2329 2330 2401 2402 
2330 2331 2402 2403 
2331 2332 2403 2404 
2332 2333 2404 2405 
2333 2334 2405 2406 
2334 2335 2406 2407 
2335 2336 2407 2408 
2336 2337 2408 2409 
2337 2338 2409 2410 
2338 2339 2410 2411 
2339 2340 2411 2412 
2340 2341 2412 2413 
2341 2342 2413 2414 
2342 2343 2414 2415 
2343 2344 2415 2416 
2344 2345 2416 2417 
2345 2346 2417 2418 
2346 2347 2418 2419 
2347 2348 2419 2420 
2348 2349 2420 2421 
2349 2350 2421 2422 
2350 2351 2422 2423 
2351 2352 2423 2424 
2352 2353 2424 2425 
2353 2354 2425 2426 
2354 2355 2426 2427 
2355 2356 2427 2428 
2356 2357 2428 2429 
2357 2358 2429 2430 
2358 2359 2430 2431 
2359 2360 2431 2432 
2360 2361 2432 2433 
2361 2362 2433 2434 
2362 2363 2434 2435 
2363 2364 2435 2436 
2364 2365 2436 2437 
2365 2366 2437 2438 
2366 2367 2438 2439 
2367 2368 2439 2440 
2368 2369 2440 2441 
2369 2370 2441 2442 
2370 2371 2442 2443 
2371 2372 2443 2444 
2372 2373 2444 2445 
2373 2374 2445 2446 
2374 2375 2446 2447 
2376 2377 2448 2449 
2377 2378 2449 2450 
2378 2379 2450 2451 
2379 2380 2451 2452 
2380 2381 2452 2453 
2381 2382 2453 2454 
2382 2383 2454 2455 
2383 2384 2455 2456 
2384 2385 2456 2457 
2385 2386 2457 2458 
2386 2387 2458 2459 
2387 2388 2459 2460 
2388 2389 2460 2461 
2389 2390 2461 2462 
2390 2391 2462 2463 
2391 2392 2463 2464 
2392 2393 2464 2465 
2393 2394 2465 2466 
2394 2395 2466 2467 
2395 2396 2467 2468 
2396 2397 2468 2469 
2397 2398 2469 2470 
2398 2399 2470 2471 
2399 2400 2471 2472 
2400 2401 2472 2473 
2401 2402 2473 2474 
2402 2403 2474 2475 
2403 2404 2475 2476 
2404 2405 2476 2477 
2405 2406 2477 2478 
2406 2407 2478 2479 
2407 2408 2479 2480 
2408 2409 2480 2481 
2409 2410 2481 2482 
2410 2411 2482 2483 
2411 2412 2483 2484 
2412 2413 2484 2485 
2413 2414 2485 2486 
2414 2415 2486 2487 
2415 2416 2487 2488 
2416 2417 2488 2489 
2417 2418 2489 2490 
2418 2419 2490 2491 
2419 2420 2491 2492 
2420 2421 2492 2493 
2421 2422 2493 2494 
2422 2423 2494 2495 
2423 2424 2495 2496 
2424 2425 2496 2497 
2425 2426 2497 2498 
2426 2427 2498 2499 
2427 2428 2499 2500 
2428 2429 2500 2501 
2429 2430 2501 2502 
2430 2431 2502 2503 
2431 2432 2503 2504 
2432 2433 2504 2505 
2433 2434 2505 2506 
2434 2435 2506 2507 
2435 2436 2507 2508 
2436 2437 2508 2509 
2437 2438 2509 2510 
2438 2439 2510 2511 
2439 2440 2511 2512 
2440 2441 2512 2513 
2441 2442 2513 2514 
2442 2443 2514 2515 
2443 2444 2515 2516 
2444 2445 2516 2517 
2445 2446 2517 2518 
2446 2447 2518 2519 
2448 2449 2520 2521 
2449 2450 2521 2522 
2450 2451 2522 2523 
2451 2452 2523 2524 
2452 2453 2524 2525 
2453 2454 2525 2526 
2454 2455 2526 2527 
2455 2456 2527 2528 
2456 2457 2528 2529 
2457 2458 2529 2530 
2458 2459 2530 2531 
2459 2460 2531 2532 
2460 2461 2532 2533 
2461 2462 2533 2534 
2462 2463 2534 2535 
2463 2464 2535 2536 
2464 2465 2536 2537 
2465 2466 2537 2538 
2466 2467 2538 2539 
2467 2468 2539 2540 
2468 2469 2540 2541 
2469 2470 2541 2542 
2470 2471 2542 2543 
2471 2472 2543 2544 
2472 2473 2544 2545 
2473 2474 2545 2546 
2474 2475 2546 2547 
2475 2476 2547 2548 
2476 2477 2548 2549 
2477 2478 2549 2550 
2478 2479 2550 2551 
2479 2480 2551 2552 
2480 2481 2552 2553 
2481 2482 2553 2554 
2482 2483 2554 2555 
2483 2484 2555 2556 
2484 2485 2556 2557 
2485 2486 2557 2558 
2486 2487 2558 2559 
2487 2488 2559 2560 
2488 2489 2560 2561 
2489 2490 2561 2562 
2490 2491 2562 2563 
2491 2492 2563 2564 
2492 2493 2564 2565 
2493 2494 2565 2566 
2494 2495 2566 2567 
2495 2496 2567 2568 
2496 2497 2568 2569 
2497 2498 2569 2570 
2498 2499 2570 2571 
2499 2500 2571 2572 
2500 2501 2572 2573 
2501 2502 2573 2574 
2502 2503 2574 2575 
2503 2504 2575 2576 
2504 2505 2576 2577 
2505 2506 2577 2578 
2506 2507 2578 2579 
2507 2508 2579 2580 
2508 2509 2580 2581 
2509 2510 2581 2582 
2510 2511 2582 2583 
2511 2512 2583 2584 
2512 2513 2584 2585 
2513 2514 2585 2586 
2514 2515 2586 2587 
2515 2516 2587 2588 
2516 2517 2588 2589 
2517 2518 2589 2590 
2518 2519 2590 2591 
2520 2521 2592 2593 
2521 2522 2593 2594 
2522 2523 2594 2595 
2523 2524 2595 2596 
2524 2525 2596 2597 
2525 2526 2597 2598 
2526 2527 2598 2599 
2527 2528 2599 2600 
2528 2529 2600 2601 
2529 2530 2601 2602 
2530 2531 2602 2603 
2531 2532 2603 2604 
2532 2533 2604 2605 
2533 2534 2605 2606 
2534 2535 2606 2607 
2535 2536 2607 2608 
2536 2537 2608 2609 
2537 2538 2609 2610 
2538 2539 2610 2611 
2539 2540 2611 2612 
2540 2541 2612 2613 
2541 2542 2613 2614 
2542 2543 2614 2615 
2543 2544 2615 2616 
2544 2545 2616 2617 
2545 2546 2617 2618 
2546 2547 2618 2619 
2547 2548 2619 2620 
2548 2549 2620 2621 
2549 2550 2621 2622 
2550 2551 2622 2623 
2551 2552 2623 2624 
2552 2553 2624 2625 
2553 2554 2625 2626 
2554 2555 2626 2627 
2555 2556 2627 2628 
2556 2557 2628 2629 
2557 2558 2629 2630 
2558 2559 2630 2631 
2559 2560 2631 2632 
2560 2561 2632 2633 
2561 2562 2633 2634 
2562 2563 2634 2635 
2563 2564 2635 2636 
2564 2565 2636 2637 
2565 2566 2637 2638 
2566 2567 2638 2639 
2567 2568 2639 2640 
2568 2569 2640 2641 
2569 2570 2641 2642 
2570 2571 2642 2643 
2571 2572 2643 2644 
2572 2573 2644 2645 
2573 2574 2645 2646 
2574 2575 2646 2647 
2575 2576 2647 2648 
2576 2577 2648 2649 
2577 2578 2649 2650 
2578 2579 2650 2651 
2579 2580 2651 2652 
2580 2581 2652 2653 
2581 2582 2653 2654 
2582 2583 2654 2655 
2583 2584 2655 2656 
2584 2585 2656 2657 
2585 2586 2657 2658 
2586 2587 2658 2659 
2587 2588 2659 2660 
2588 2589 2660 2661 
2589 2590 2661 2662 
2590 2591 2662 2663 
2592 2593 2664 2665 
2593 2594 2665 2666 
2594 2595 2666 2667 
2595 2596 2667 2668 
2596 2597 2668 2669 
2597 2598 2669 2670 
2598 2599 2670 2671 
2599 2600 2671 2672 
2600 2601 2672 2673 
2601 2602 2673 2674 
2602 2603 2674 2675 
2603 2604 2675 2676 
2604 2605 2676 2677 
2605 2606 2677 2678 
2606 2607 2678 2679 
2607 2608 2679 2680 
2608 2609 2680 2681 
2609 2610 2681 2682 
2610 2611 2682 2683 
2611 2612 2683 2684 
2612 2613 2684 2685 
2613 2614 2685 2686 
2614 2615 2686 2687 
2615 2616 2687 2688 
2616 2617 2688 2689 
2617 2618 2689 2690 
2618 2619 2690 2691 
2619 2620 2691 2692 
2620 2621 2692 2693 
2621 2622 2693 2694 
2622 2623 2694 2695 
2623 2624 2695 2696 
2624 2625 2696 2697 
2625 2626 2697 2698 
2626 2627 2698 2699 
2627 2628 2699 2700 
2628 2629 2700 2701 
2629 2630 2701 2702 
2630 2631 2702 2703 
2631 2632 2703 2704 
2632 2633 2704 2705 
2633 2634 2705 2706 
2634 2635 2706 2707 
2635 2636 2707 2708 
2636 2637 2708 2709 
2637 2638 2709 2710 
2638 2639 2710 2711 
2639 2640 2711 2712 
2640 2641 2712 2713 
2641 2642 2713 2714 
2642 2643 2714 2715 
2643 2644 2715 2716 
2644 2645 2716 2717 
2645 2646 2717 2718 
2646 2647 2718 2719 
2647 2648 2719 2720 
2648 2649 2720 2721 
2649 2650 2721 2722 
2650 2651 2722 2723 
2651 2652 2723 2724 
2652 2653 2724 2725 
2653 2654 2725 2726 
2654 2655 2726 2727 
2655 2656 2727 2728 
2656 2657 2728 2729 
2657 2658 2729 2730 
2658 2659 2730 2731 
2659 2660 2731 2732 
2660 2661 2732 2733 
2661 2662 2733 2734 
2662 2663 2734 2735 
2664 2665 2736 2737 
2665 2666 2737 2738 
2666 2667 2738 2739 
2667 2668 2739 2740 
2668 2669 2740 2741 
2669 2670 2741 2742 
2670 2671 2742 2743 
2671 2672 2743 2744 
2672 2673 2744 2745 
2673 2674 2745 2746 
2674 2675 2746 2747 
2675 2676 2747 2748 
2676 2677 2748 2749 
2677 2678 2749 2750 
2678 2679 2750 2751 
2679 2680 2751 2752 
2680 2681 2752 2753 
2681 2682 2753 2754 
2682 2683 2754 2755 
2683 2684 2755 2756 
2684 2685 2756 2757 
2685 2686 2757 2758 
2686 2687 2758 2759 
2687 2688 2759 2760 
2688 2689 2760 2761 
2689 2690 2761 2762 
2690 2691 2762 2763 
2691 2692 2763 2764 
2692 2693 2764 2765 
2693 2694 2765 2766 
2694 2695 2766 2767 
2695 2696 2767 2768 
2696 2697 2768 2769 
2697 2698 2769 2770 
2698 2699 2770 2771 
2699 2700 2771 2772 
2700 2701 2772 2773 
2701 2702 2773 2774 
2702 2703 2774 2775 
2703 2704 2775 2776 
2704 2705 2776 2777 
2705 2706 2777 2778 
2706 2707 2778 2779 
2707 2708 2779 2780 
2708 2709 2780 2781 
2709 2710 2781 2782 
2710 2711 2782 2783 
2711 2712 2783 2784 
2712 2713 2784 2785 
2713 2714 2785 2786 
2714 2715 2786 2787 
2715 2716 2787 2788 
2716 2717 2788 2789 
2717 2718 2789 2790 
2718 2719 2790 2791 
2719 2720 2791 2792 
2720 2721 2792 2793 
2721 2722 2793 2794 
2722 2723 2794 2795 
2723 2724 2795 2796 
2724 2725 2796 2797 
2725 2726 2797 2798 
2726 2727 2798 2799 
2727 2728 2799 2800 
2728 2729 2800 2801 
2729 2730 2801 2802 
2730 2731 2802 2803 
2731 2732 2803 2804 
2732 2733 2804 2805 
2733 2734 2805 2806 
2734 2735 2806 2807 
2736 2737 2808 2809 
2737 2738 2809 2810 
2738 2739 2810 2811 
2739 2740 2811 2812 
2740 2741 2812 2813 
2741 2742 2813 2814 
2742 2743 2814 2815 
2743 2744 2815 2816 
2744 2745 2816 2817 
2745 2746 2817 2818 
2746 2747 2818 2819 
2747 2748 2819 2820 
2748 2749 2820 2821 
2749 2750 2821 2822 
2750 2751 2822 2823 
2751 2752 2823 2824 
2752 2753 2824 2825 
2753 2754 2825 2826 
2754 2755 2826 2827 
2755 2756 2827 2828 
2756 2757 2828 2829 
2757 2758 2829 2830 
2758 2759 2830 2831 
2759 2760 2831 2832 
2760 2761 2832 2833 
2761 2762 2833 2834 
2762 2763 2834 2835 
2763 2764 2835 2836 
2764 2765 2836 2837 
2765 2766 2837 2838 
2766 2767 2838 2839 
2767 2768 2839 2840 
2768 2769 2840 2841 
2769 2770 2841 2842 
2770 2771 2842 2843 
2771 2772 2843 2844 
2772 2773 2844 2845 
2773 2774 2845 2846 
2774 2775 2846 2847 
2775 2776 2847 2848 
2776 2777 2848 2849 
2777 2778 2849 2850 
2778 2779 2850 2851 
2779 2780 2851 2852 
2780 2781 2852 2853 
2781 2782 2853 2854 
2782 2783 2854 2855 
2783 2784 2855 2856 
2784 2785 2856 2857 
2785 2786 2857 2858 
2786 2787 2858 2859 
2787 2788 2859 2860 
2788 2789 2860 2861 
2789 2790 2861 2862 
2790 2791 2862 2863 
2791 2792 2863 2864 
2792 2793 2864 2865 
2793 2794 2865 2866 
2794 2795 2866 2867 
2795 2796 2867 2868 
2796 2797 2868 2869 
2797 2798 2869 2870 
2798 2799 2870 2871 
2799 2800 2871 2872 
2800 2801 2872 2873 
2801 2802 2873 2874 
2802 2803 2874 2875 
2803 2804 2875 2876 
2804 2805 2876 2877 
2805 2806 2877 2878 
2806 2807 2878 2879 
2808 2809 2880 2881 
2809 2810 2881 2882 
2810 2811 2882 2883 
2811 2812 2883 2884 
2812 2813 2884 2885 
2813 2814 2885 2886 
2814 2815 2886 2887 
2815 2816 2887 2888 
2816 2817 2888 2889 
2817 2818 2889 2890 
2818 2819 2890 2891 
2819 2820 2891 2892 
2820 2821 2892 2893 
2821 2822 2893 2894 
2822 2823 2894 2895 
2823 2824 2895 2896 
2824 2825 2896 2897 
2825 2826 2897 2898 
2826 2827 2898 2899 
2827 2828 2899 2900 
2828 2829 2900 2901 
2829 2830 2901 2902 
2830 2831 2902 2903 
2831 2832 2903 2904 
2832 2833 2904 2905 
2833 2834 2905 2906 
2834 2835 2906 2907 
2835 2836 2907 2908 
2836 2837 2908 2909 
2837 2838 2909 2910 
2838 2839 2910 2911 
2839 2840 2911 2912 
2840 2841 2912 2913 
2841 2842 2913 2914 
2842 2843 2914 2915 
2843 2844 2915 2916 
2844 2845 2916 2917 
2845 2846 2917 2918 
2846 2847 2918 2919 
2847 2848 2919 2920 
2848 2849 2920 2921 
2849 2850 2921 2922 
2850 2851 2922 2923 
2851 2852 2923 2924 
2852 2853 2924 2925 
2853 2854 2925 2926 
2854 2855 2926 2927 
2855 2856 2927 2928 
2856 2857 2928 2929 
2857 2858 2929 2930 
2858 2859 2930 2931 
2859 2860 2931 2932 
2860 2861 2932 2933 
2861 2862 2933 2934 
2862 2863 2934 2935 
2863 2864 2935 2936 
2864 2865 2936 2937 
2865 2866 2937 2938 
2866 2867 2938 2939 
2867 2868 2939 2940 
2868 2869 2940 2941 
2869 2870 2941 2942 
2870 2871 2942 2943 
2871 2872 2943 2944 
2872 2873 2944 2945 
2873 2874 2945 2946 
2874 2875 2946 2947 
2875 2876 2947 2948 
2876 2877 2948 2949 
2877 2878 2949 2950 
2878 2879 2950 2951 
