-0.060000 0.000010 
-0.054545 0.000010 
-0.050000 0.000010 
-0.044427 0.000010 
-0.039783 0.000010 
-0.035913 0.000010 
-0.032688 0.000010 
-0.030000 0.000010 
-0.027500 0.000010 
-0.025000 0.000010 
-0.022500 0.000010 
-0.020000 0.000010 
-0.017500 0.000010 
-0.016250 0.000010 
-0.015000 0.000010 
-0.014000 0.000010 
-0.013000 0.000010 
-0.012000 0.000010 
-0.011000 0.000010 
-0.010000 0.000010 
-0.009000 0.000010 
-0.008000 0.000010 
-0.007000 0.000010 
-0.006000 0.000010 
-0.005000 0.000010 
-0.004000 0.000010 
-0.003000 0.000010 
-0.002000 0.000010 
-0.001000 0.000010 
-0.000000 0.000010 
0.001000 0.000010 
0.002000 0.000010 
0.003000 0.000010 
0.004000 0.000010 
0.005000 0.000010 
0.006000 0.000010 
0.007000 0.000010 
0.008000 0.000010 
0.009000 0.000010 
0.010000 0.000010 
0.011000 0.000010 
0.012000 0.000010 
0.013000 0.000010 
0.014000 0.000010 
0.015000 0.000010 
0.016250 0.000010 
0.017500 0.000010 
0.020000 0.000010 
0.022500 0.000010 
0.025000 0.000010 
0.027500 0.000010 
0.030000 0.000010 
0.032688 0.000010 
0.035913 0.000010 
0.039783 0.000010 
0.044427 0.000010 
0.050000 0.000010 
0.054545 0.000010 
0.060000 0.000010 
-0.060000 0.001469 
-0.054545 0.001469 
-0.050000 0.001469 
-0.044427 0.001469 
-0.039783 0.001469 
-0.035913 0.001469 
-0.032688 0.001469 
-0.030000 0.001469 
-0.027500 0.001469 
-0.025000 0.001469 
-0.022500 0.001469 
-0.020000 0.001469 
-0.017500 0.001469 
-0.016250 0.001469 
-0.015000 0.001469 
-0.014000 0.001469 
-0.013000 0.001469 
-0.012000 0.001469 
-0.011000 0.001469 
-0.010000 0.001469 
-0.009000 0.001469 
-0.008000 0.001469 
-0.007000 0.001469 
-0.006000 0.001469 
-0.005000 0.001469 
-0.004000 0.001469 
-0.003000 0.001469 
-0.002000 0.001469 
-0.001000 0.001469 
-0.000000 0.001469 
0.001000 0.001469 
0.002000 0.001469 
0.003000 0.001469 
0.004000 0.001469 
0.005000 0.001469 
0.006000 0.001469 
0.007000 0.001469 
0.008000 0.001469 
0.009000 0.001469 
0.010000 0.001469 
0.011000 0.001469 
0.012000 0.001469 
0.013000 0.001469 
0.014000 0.001469 
0.015000 0.001469 
0.016250 0.001469 
0.017500 0.001469 
0.020000 0.001469 
0.022500 0.001469 
0.025000 0.001469 
0.027500 0.001469 
0.030000 0.001469 
0.032688 0.001469 
0.035913 0.001469 
0.039783 0.001469 
0.044427 0.001469 
0.050000 0.001469 
0.054545 0.001469 
0.060000 0.001469 
-0.060000 0.002795 
-0.054545 0.002795 
-0.050000 0.002795 
-0.044427 0.002795 
-0.039783 0.002795 
-0.035913 0.002795 
-0.032688 0.002795 
-0.030000 0.002795 
-0.027500 0.002795 
-0.025000 0.002795 
-0.022500 0.002795 
-0.020000 0.002795 
-0.017500 0.002795 
-0.016250 0.002795 
-0.015000 0.002795 
-0.014000 0.002795 
-0.013000 0.002795 
-0.012000 0.002795 
-0.011000 0.002795 
-0.010000 0.002795 
-0.009000 0.002795 
-0.008000 0.002795 
-0.007000 0.002795 
-0.006000 0.002795 
-0.005000 0.002795 
-0.004000 0.002795 
-0.003000 0.002795 
-0.002000 0.002795 
-0.001000 0.002795 
-0.000000 0.002795 
0.001000 0.002795 
0.002000 0.002795 
0.003000 0.002795 
0.004000 0.002795 
0.005000 0.002795 
0.006000 0.002795 
0.007000 0.002795 
0.008000 0.002795 
0.009000 0.002795 
0.010000 0.002795 
0.011000 0.002795 
0.012000 0.002795 
0.013000 0.002795 
0.014000 0.002795 
0.015000 0.002795 
0.016250 0.002795 
0.017500 0.002795 
0.020000 0.002795 
0.022500 0.002795 
0.025000 0.002795 
0.027500 0.002795 
0.030000 0.002795 
0.032688 0.002795 
0.035913 0.002795 
0.039783 0.002795 
0.044427 0.002795 
0.050000 0.002795 
0.054545 0.002795 
0.060000 0.002795 
-0.060000 0.004000 
-0.054545 0.004000 
-0.050000 0.004000 
-0.044427 0.004000 
-0.039783 0.004000 
-0.035913 0.004000 
-0.032688 0.004000 
-0.030000 0.004000 
-0.027500 0.004000 
-0.025000 0.004000 
-0.022500 0.004000 
-0.020000 0.004000 
-0.017500 0.004000 
-0.016250 0.004000 
-0.015000 0.004000 
-0.014000 0.004000 
-0.013000 0.004000 
-0.012000 0.004000 
-0.011000 0.004000 
-0.010000 0.004000 
-0.009000 0.004000 
-0.008000 0.004000 
-0.007000 0.004000 
-0.006000 0.004000 
-0.005000 0.004000 
-0.004000 0.004000 
-0.003000 0.004000 
-0.002000 0.004000 
-0.001000 0.004000 
-0.000000 0.004000 
0.001000 0.004000 
0.002000 0.004000 
0.003000 0.004000 
0.004000 0.004000 
0.005000 0.004000 
0.006000 0.004000 
0.007000 0.004000 
0.008000 0.004000 
0.009000 0.004000 
0.010000 0.004000 
0.011000 0.004000 
0.012000 0.004000 
0.013000 0.004000 
0.014000 0.004000 
0.015000 0.004000 
0.016250 0.004000 
0.017500 0.004000 
0.020000 0.004000 
0.022500 0.004000 
0.025000 0.004000 
0.027500 0.004000 
0.030000 0.004000 
0.032688 0.004000 
0.035913 0.004000 
0.039783 0.004000 
0.044427 0.004000 
0.050000 0.004000 
0.054545 0.004000 
0.060000 0.004000 
-0.060000 0.005731 
-0.054545 0.005731 
-0.050000 0.005731 
-0.044427 0.005731 
-0.039783 0.005731 
-0.035913 0.005731 
-0.032688 0.005731 
-0.030000 0.005731 
-0.027500 0.005731 
-0.025000 0.005731 
-0.022500 0.005731 
-0.020000 0.005731 
-0.017500 0.005731 
-0.016250 0.005731 
-0.015000 0.005731 
-0.014000 0.005731 
-0.013000 0.005731 
-0.012000 0.005731 
-0.011000 0.005731 
-0.010000 0.005731 
-0.009000 0.005731 
-0.008000 0.005731 
-0.007000 0.005731 
-0.006000 0.005731 
-0.005000 0.005731 
-0.004000 0.005731 
-0.003000 0.005731 
-0.002000 0.005731 
-0.001000 0.005731 
-0.000000 0.005731 
0.001000 0.005731 
0.002000 0.005731 
0.003000 0.005731 
0.004000 0.005731 
0.005000 0.005731 
0.006000 0.005731 
0.007000 0.005731 
0.008000 0.005731 
0.009000 0.005731 
0.010000 0.005731 
0.011000 0.005731 
0.012000 0.005731 
0.013000 0.005731 
0.014000 0.005731 
0.015000 0.005731 
0.016250 0.005731 
0.017500 0.005731 
0.020000 0.005731 
0.022500 0.005731 
0.025000 0.005731 
0.027500 0.005731 
0.030000 0.005731 
0.032688 0.005731 
0.035913 0.005731 
0.039783 0.005731 
0.044427 0.005731 
0.050000 0.005731 
0.054545 0.005731 
0.060000 0.005731 
-0.060000 0.007634 
-0.054545 0.007634 
-0.050000 0.007634 
-0.044427 0.007634 
-0.039783 0.007634 
-0.035913 0.007634 
-0.032688 0.007634 
-0.030000 0.007634 
-0.027500 0.007634 
-0.025000 0.007634 
-0.022500 0.007634 
-0.020000 0.007634 
-0.017500 0.007634 
-0.016250 0.007634 
-0.015000 0.007634 
-0.014000 0.007634 
-0.013000 0.007634 
-0.012000 0.007634 
-0.011000 0.007634 
-0.010000 0.007634 
-0.009000 0.007634 
-0.008000 0.007634 
-0.007000 0.007634 
-0.006000 0.007634 
-0.005000 0.007634 
-0.004000 0.007634 
-0.003000 0.007634 
-0.002000 0.007634 
-0.001000 0.007634 
-0.000000 0.007634 
0.001000 0.007634 
0.002000 0.007634 
0.003000 0.007634 
0.004000 0.007634 
0.005000 0.007634 
0.006000 0.007634 
0.007000 0.007634 
0.008000 0.007634 
0.009000 0.007634 
0.010000 0.007634 
0.011000 0.007634 
0.012000 0.007634 
0.013000 0.007634 
0.014000 0.007634 
0.015000 0.007634 
0.016250 0.007634 
0.017500 0.007634 
0.020000 0.007634 
0.022500 0.007634 
0.025000 0.007634 
0.027500 0.007634 
0.030000 0.007634 
0.032688 0.007634 
0.035913 0.007634 
0.039783 0.007634 
0.044427 0.007634 
0.050000 0.007634 
0.054545 0.007634 
0.060000 0.007634 
-0.060000 0.009728 
-0.054545 0.009728 
-0.050000 0.009728 
-0.044427 0.009728 
-0.039783 0.009728 
-0.035913 0.009728 
-0.032688 0.009728 
-0.030000 0.009728 
-0.027500 0.009728 
-0.025000 0.009728 
-0.022500 0.009728 
-0.020000 0.009728 
-0.017500 0.009728 
-0.016250 0.009728 
-0.015000 0.009728 
-0.014000 0.009728 
-0.013000 0.009728 
-0.012000 0.009728 
-0.011000 0.009728 
-0.010000 0.009728 
-0.009000 0.009728 
-0.008000 0.009728 
-0.007000 0.009728 
-0.006000 0.009728 
-0.005000 0.009728 
-0.004000 0.009728 
-0.003000 0.009728 
-0.002000 0.009728 
-0.001000 0.009728 
-0.000000 0.009728 
0.001000 0.009728 
0.002000 0.009728 
0.003000 0.009728 
0.004000 0.009728 
0.005000 0.009728 
0.006000 0.009728 
0.007000 0.009728 
0.008000 0.009728 
0.009000 0.009728 
0.010000 0.009728 
0.011000 0.009728 
0.012000 0.009728 
0.013000 0.009728 
0.014000 0.009728 
0.015000 0.009728 
0.016250 0.009728 
0.017500 0.009728 
0.020000 0.009728 
0.022500 0.009728 
0.025000 0.009728 
0.027500 0.009728 
0.030000 0.009728 
0.032688 0.009728 
0.035913 0.009728 
0.039783 0.009728 
0.044427 0.009728 
0.050000 0.009728 
0.054545 0.009728 
0.060000 0.009728 
-0.060000 0.012031 
-0.054545 0.012031 
-0.050000 0.012031 
-0.044427 0.012031 
-0.039783 0.012031 
-0.035913 0.012031 
-0.032688 0.012031 
-0.030000 0.012031 
-0.027500 0.012031 
-0.025000 0.012031 
-0.022500 0.012031 
-0.020000 0.012031 
-0.017500 0.012031 
-0.016250 0.012031 
-0.015000 0.012031 
-0.014000 0.012031 
-0.013000 0.012031 
-0.012000 0.012031 
-0.011000 0.012031 
-0.010000 0.012031 
-0.009000 0.012031 
-0.008000 0.012031 
-0.007000 0.012031 
-0.006000 0.012031 
-0.005000 0.012031 
-0.004000 0.012031 
-0.003000 0.012031 
-0.002000 0.012031 
-0.001000 0.012031 
-0.000000 0.012031 
0.001000 0.012031 
0.002000 0.012031 
0.003000 0.012031 
0.004000 0.012031 
0.005000 0.012031 
0.006000 0.012031 
0.007000 0.012031 
0.008000 0.012031 
0.009000 0.012031 
0.010000 0.012031 
0.011000 0.012031 
0.012000 0.012031 
0.013000 0.012031 
0.014000 0.012031 
0.015000 0.012031 
0.016250 0.012031 
0.017500 0.012031 
0.020000 0.012031 
0.022500 0.012031 
0.025000 0.012031 
0.027500 0.012031 
0.030000 0.012031 
0.032688 0.012031 
0.035913 0.012031 
0.039783 0.012031 
0.044427 0.012031 
0.050000 0.012031 
0.054545 0.012031 
0.060000 0.012031 
-0.060000 0.014565 
-0.054545 0.014565 
-0.050000 0.014565 
-0.044427 0.014565 
-0.039783 0.014565 
-0.035913 0.014565 
-0.032688 0.014565 
-0.030000 0.014565 
-0.027500 0.014565 
-0.025000 0.014565 
-0.022500 0.014565 
-0.020000 0.014565 
-0.017500 0.014565 
-0.016250 0.014565 
-0.015000 0.014565 
-0.014000 0.014565 
-0.013000 0.014565 
-0.012000 0.014565 
-0.011000 0.014565 
-0.010000 0.014565 
-0.009000 0.014565 
-0.008000 0.014565 
-0.007000 0.014565 
-0.006000 0.014565 
-0.005000 0.014565 
-0.004000 0.014565 
-0.003000 0.014565 
-0.002000 0.014565 
-0.001000 0.014565 
-0.000000 0.014565 
0.001000 0.014565 
0.002000 0.014565 
0.003000 0.014565 
0.004000 0.014565 
0.005000 0.014565 
0.006000 0.014565 
0.007000 0.014565 
0.008000 0.014565 
0.009000 0.014565 
0.010000 0.014565 
0.011000 0.014565 
0.012000 0.014565 
0.013000 0.014565 
0.014000 0.014565 
0.015000 0.014565 
0.016250 0.014565 
0.017500 0.014565 
0.020000 0.014565 
0.022500 0.014565 
0.025000 0.014565 
0.027500 0.014565 
0.030000 0.014565 
0.032688 0.014565 
0.035913 0.014565 
0.039783 0.014565 
0.044427 0.014565 
0.050000 0.014565 
0.054545 0.014565 
0.060000 0.014565 
-0.060000 0.017352 
-0.054545 0.017352 
-0.050000 0.017352 
-0.044427 0.017352 
-0.039783 0.017352 
-0.035913 0.017352 
-0.032688 0.017352 
-0.030000 0.017352 
-0.027500 0.017352 
-0.025000 0.017352 
-0.022500 0.017352 
-0.020000 0.017352 
-0.017500 0.017352 
-0.016250 0.017352 
-0.015000 0.017352 
-0.014000 0.017352 
-0.013000 0.017352 
-0.012000 0.017352 
-0.011000 0.017352 
-0.010000 0.017352 
-0.009000 0.017352 
-0.008000 0.017352 
-0.007000 0.017352 
-0.006000 0.017352 
-0.005000 0.017352 
-0.004000 0.017352 
-0.003000 0.017352 
-0.002000 0.017352 
-0.001000 0.017352 
-0.000000 0.017352 
0.001000 0.017352 
0.002000 0.017352 
0.003000 0.017352 
0.004000 0.017352 
0.005000 0.017352 
0.006000 0.017352 
0.007000 0.017352 
0.008000 0.017352 
0.009000 0.017352 
0.010000 0.017352 
0.011000 0.017352 
0.012000 0.017352 
0.013000 0.017352 
0.014000 0.017352 
0.015000 0.017352 
0.016250 0.017352 
0.017500 0.017352 
0.020000 0.017352 
0.022500 0.017352 
0.025000 0.017352 
0.027500 0.017352 
0.030000 0.017352 
0.032688 0.017352 
0.035913 0.017352 
0.039783 0.017352 
0.044427 0.017352 
0.050000 0.017352 
0.054545 0.017352 
0.060000 0.017352 
-0.060000 0.020418 
-0.054545 0.020418 
-0.050000 0.020418 
-0.044427 0.020418 
-0.039783 0.020418 
-0.035913 0.020418 
-0.032688 0.020418 
-0.030000 0.020418 
-0.027500 0.020418 
-0.025000 0.020418 
-0.022500 0.020418 
-0.020000 0.020418 
-0.017500 0.020418 
-0.016250 0.020418 
-0.015000 0.020418 
-0.014000 0.020418 
-0.013000 0.020418 
-0.012000 0.020418 
-0.011000 0.020418 
-0.010000 0.020418 
-0.009000 0.020418 
-0.008000 0.020418 
-0.007000 0.020418 
-0.006000 0.020418 
-0.005000 0.020418 
-0.004000 0.020418 
-0.003000 0.020418 
-0.002000 0.020418 
-0.001000 0.020418 
-0.000000 0.020418 
0.001000 0.020418 
0.002000 0.020418 
0.003000 0.020418 
0.004000 0.020418 
0.005000 0.020418 
0.006000 0.020418 
0.007000 0.020418 
0.008000 0.020418 
0.009000 0.020418 
0.010000 0.020418 
0.011000 0.020418 
0.012000 0.020418 
0.013000 0.020418 
0.014000 0.020418 
0.015000 0.020418 
0.016250 0.020418 
0.017500 0.020418 
0.020000 0.020418 
0.022500 0.020418 
0.025000 0.020418 
0.027500 0.020418 
0.030000 0.020418 
0.032688 0.020418 
0.035913 0.020418 
0.039783 0.020418 
0.044427 0.020418 
0.050000 0.020418 
0.054545 0.020418 
0.060000 0.020418 
-0.060000 0.023790 
-0.054545 0.023790 
-0.050000 0.023790 
-0.044427 0.023790 
-0.039783 0.023790 
-0.035913 0.023790 
-0.032688 0.023790 
-0.030000 0.023790 
-0.027500 0.023790 
-0.025000 0.023790 
-0.022500 0.023790 
-0.020000 0.023790 
-0.017500 0.023790 
-0.016250 0.023790 
-0.015000 0.023790 
-0.014000 0.023790 
-0.013000 0.023790 
-0.012000 0.023790 
-0.011000 0.023790 
-0.010000 0.023790 
-0.009000 0.023790 
-0.008000 0.023790 
-0.007000 0.023790 
-0.006000 0.023790 
-0.005000 0.023790 
-0.004000 0.023790 
-0.003000 0.023790 
-0.002000 0.023790 
-0.001000 0.023790 
-0.000000 0.023790 
0.001000 0.023790 
0.002000 0.023790 
0.003000 0.023790 
0.004000 0.023790 
0.005000 0.023790 
0.006000 0.023790 
0.007000 0.023790 
0.008000 0.023790 
0.009000 0.023790 
0.010000 0.023790 
0.011000 0.023790 
0.012000 0.023790 
0.013000 0.023790 
0.014000 0.023790 
0.015000 0.023790 
0.016250 0.023790 
0.017500 0.023790 
0.020000 0.023790 
0.022500 0.023790 
0.025000 0.023790 
0.027500 0.023790 
0.030000 0.023790 
0.032688 0.023790 
0.035913 0.023790 
0.039783 0.023790 
0.044427 0.023790 
0.050000 0.023790 
0.054545 0.023790 
0.060000 0.023790 
-0.060000 0.027500 
-0.054545 0.027500 
-0.050000 0.027500 
-0.044427 0.027500 
-0.039783 0.027500 
-0.035913 0.027500 
-0.032688 0.027500 
-0.030000 0.027500 
-0.027500 0.027500 
-0.025000 0.027500 
-0.022500 0.027500 
-0.020000 0.027500 
-0.017500 0.027500 
-0.016250 0.027500 
-0.015000 0.027500 
-0.014000 0.027500 
-0.013000 0.027500 
-0.012000 0.027500 
-0.011000 0.027500 
-0.010000 0.027500 
-0.009000 0.027500 
-0.008000 0.027500 
-0.007000 0.027500 
-0.006000 0.027500 
-0.005000 0.027500 
-0.004000 0.027500 
-0.003000 0.027500 
-0.002000 0.027500 
-0.001000 0.027500 
-0.000000 0.027500 
0.001000 0.027500 
0.002000 0.027500 
0.003000 0.027500 
0.004000 0.027500 
0.005000 0.027500 
0.006000 0.027500 
0.007000 0.027500 
0.008000 0.027500 
0.009000 0.027500 
0.010000 0.027500 
0.011000 0.027500 
0.012000 0.027500 
0.013000 0.027500 
0.014000 0.027500 
0.015000 0.027500 
0.016250 0.027500 
0.017500 0.027500 
0.020000 0.027500 
0.022500 0.027500 
0.025000 0.027500 
0.027500 0.027500 
0.030000 0.027500 
0.032688 0.027500 
0.035913 0.027500 
0.039783 0.027500 
0.044427 0.027500 
0.050000 0.027500 
0.054545 0.027500 
0.060000 0.027500 
-0.060000 0.030000 
-0.054545 0.030000 
-0.050000 0.030000 
-0.044427 0.030000 
-0.039783 0.030000 
-0.035913 0.030000 
-0.032688 0.030000 
-0.030000 0.030000 
-0.027500 0.030000 
-0.025000 0.030000 
-0.022500 0.030000 
-0.020000 0.030000 
-0.017500 0.030000 
-0.016250 0.030000 
-0.015000 0.030000 
-0.014000 0.030000 
-0.013000 0.030000 
-0.012000 0.030000 
-0.011000 0.030000 
-0.010000 0.030000 
-0.009000 0.030000 
-0.008000 0.030000 
-0.007000 0.030000 
-0.006000 0.030000 
-0.005000 0.030000 
-0.004000 0.030000 
-0.003000 0.030000 
-0.002000 0.030000 
-0.001000 0.030000 
-0.000000 0.030000 
0.001000 0.030000 
0.002000 0.030000 
0.003000 0.030000 
0.004000 0.030000 
0.005000 0.030000 
0.006000 0.030000 
0.007000 0.030000 
0.008000 0.030000 
0.009000 0.030000 
0.010000 0.030000 
0.011000 0.030000 
0.012000 0.030000 
0.013000 0.030000 
0.014000 0.030000 
0.015000 0.030000 
0.016250 0.030000 
0.017500 0.030000 
0.020000 0.030000 
0.022500 0.030000 
0.025000 0.030000 
0.027500 0.030000 
0.030000 0.030000 
0.032688 0.030000 
0.035913 0.030000 
0.039783 0.030000 
0.044427 0.030000 
0.050000 0.030000 
0.054545 0.030000 
0.060000 0.030000 
-0.060000 0.032500 
-0.054545 0.032500 
-0.050000 0.032500 
-0.044427 0.032500 
-0.039783 0.032500 
-0.035913 0.032500 
-0.032688 0.032500 
-0.030000 0.032500 
-0.027500 0.032500 
-0.025000 0.032500 
-0.022500 0.032500 
-0.020000 0.032500 
-0.017500 0.032500 
-0.016250 0.032500 
-0.015000 0.032500 
-0.014000 0.032500 
-0.013000 0.032500 
-0.012000 0.032500 
-0.011000 0.032500 
-0.010000 0.032500 
-0.009000 0.032500 
-0.008000 0.032500 
-0.007000 0.032500 
-0.006000 0.032500 
-0.005000 0.032500 
-0.004000 0.032500 
-0.003000 0.032500 
-0.002000 0.032500 
-0.001000 0.032500 
-0.000000 0.032500 
0.001000 0.032500 
0.002000 0.032500 
0.003000 0.032500 
0.004000 0.032500 
0.005000 0.032500 
0.006000 0.032500 
0.007000 0.032500 
0.008000 0.032500 
0.009000 0.032500 
0.010000 0.032500 
0.011000 0.032500 
0.012000 0.032500 
0.013000 0.032500 
0.014000 0.032500 
0.015000 0.032500 
0.016250 0.032500 
0.017500 0.032500 
0.020000 0.032500 
0.022500 0.032500 
0.025000 0.032500 
0.027500 0.032500 
0.030000 0.032500 
0.032688 0.032500 
0.035913 0.032500 
0.039783 0.032500 
0.044427 0.032500 
0.050000 0.032500 
0.054545 0.032500 
0.060000 0.032500 
-0.060000 0.035000 
-0.054545 0.035000 
-0.050000 0.035000 
-0.044427 0.035000 
-0.039783 0.035000 
-0.035913 0.035000 
-0.032688 0.035000 
-0.030000 0.035000 
-0.027500 0.035000 
-0.025000 0.035000 
-0.022500 0.035000 
-0.020000 0.035000 
-0.017500 0.035000 
-0.016250 0.035000 
-0.015000 0.035000 
-0.014000 0.035000 
-0.013000 0.035000 
-0.012000 0.035000 
-0.011000 0.035000 
-0.010000 0.035000 
-0.009000 0.035000 
-0.008000 0.035000 
-0.007000 0.035000 
-0.006000 0.035000 
-0.005000 0.035000 
-0.004000 0.035000 
-0.003000 0.035000 
-0.002000 0.035000 
-0.001000 0.035000 
-0.000000 0.035000 
0.001000 0.035000 
0.002000 0.035000 
0.003000 0.035000 
0.004000 0.035000 
0.005000 0.035000 
0.006000 0.035000 
0.007000 0.035000 
0.008000 0.035000 
0.009000 0.035000 
0.010000 0.035000 
0.011000 0.035000 
0.012000 0.035000 
0.013000 0.035000 
0.014000 0.035000 
0.015000 0.035000 
0.016250 0.035000 
0.017500 0.035000 
0.020000 0.035000 
0.022500 0.035000 
0.025000 0.035000 
0.027500 0.035000 
0.030000 0.035000 
0.032688 0.035000 
0.035913 0.035000 
0.039783 0.035000 
0.044427 0.035000 
0.050000 0.035000 
0.054545 0.035000 
0.060000 0.035000 
-0.060000 0.037500 
-0.054545 0.037500 
-0.050000 0.037500 
-0.044427 0.037500 
-0.039783 0.037500 
-0.035913 0.037500 
-0.032688 0.037500 
-0.030000 0.037500 
-0.027500 0.037500 
-0.025000 0.037500 
-0.022500 0.037500 
-0.020000 0.037500 
-0.017500 0.037500 
-0.016250 0.037500 
-0.015000 0.037500 
-0.014000 0.037500 
-0.013000 0.037500 
-0.012000 0.037500 
-0.011000 0.037500 
-0.010000 0.037500 
-0.009000 0.037500 
-0.008000 0.037500 
-0.007000 0.037500 
-0.006000 0.037500 
-0.005000 0.037500 
-0.004000 0.037500 
-0.003000 0.037500 
-0.002000 0.037500 
-0.001000 0.037500 
-0.000000 0.037500 
0.001000 0.037500 
0.002000 0.037500 
0.003000 0.037500 
0.004000 0.037500 
0.005000 0.037500 
0.006000 0.037500 
0.007000 0.037500 
0.008000 0.037500 
0.009000 0.037500 
0.010000 0.037500 
0.011000 0.037500 
0.012000 0.037500 
0.013000 0.037500 
0.014000 0.037500 
0.015000 0.037500 
0.016250 0.037500 
0.017500 0.037500 
0.020000 0.037500 
0.022500 0.037500 
0.025000 0.037500 
0.027500 0.037500 
0.030000 0.037500 
0.032688 0.037500 
0.035913 0.037500 
0.039783 0.037500 
0.044427 0.037500 
0.050000 0.037500 
0.054545 0.037500 
0.060000 0.037500 
-0.060000 0.040000 
-0.054545 0.040000 
-0.050000 0.040000 
-0.044427 0.040000 
-0.039783 0.040000 
-0.035913 0.040000 
-0.032688 0.040000 
-0.030000 0.040000 
-0.027500 0.040000 
-0.025000 0.040000 
-0.022500 0.040000 
-0.020000 0.040000 
-0.017500 0.040000 
-0.016250 0.040000 
-0.015000 0.040000 
-0.014000 0.040000 
-0.013000 0.040000 
-0.012000 0.040000 
-0.011000 0.040000 
-0.010000 0.040000 
-0.009000 0.040000 
-0.008000 0.040000 
-0.007000 0.040000 
-0.006000 0.040000 
-0.005000 0.040000 
-0.004000 0.040000 
-0.003000 0.040000 
-0.002000 0.040000 
-0.001000 0.040000 
-0.000000 0.040000 
0.001000 0.040000 
0.002000 0.040000 
0.003000 0.040000 
0.004000 0.040000 
0.005000 0.040000 
0.006000 0.040000 
0.007000 0.040000 
0.008000 0.040000 
0.009000 0.040000 
0.010000 0.040000 
0.011000 0.040000 
0.012000 0.040000 
0.013000 0.040000 
0.014000 0.040000 
0.015000 0.040000 
0.016250 0.040000 
0.017500 0.040000 
0.020000 0.040000 
0.022500 0.040000 
0.025000 0.040000 
0.027500 0.040000 
0.030000 0.040000 
0.032688 0.040000 
0.035913 0.040000 
0.039783 0.040000 
0.044427 0.040000 
0.050000 0.040000 
0.054545 0.040000 
0.060000 0.040000 
-0.060000 0.042688 
-0.054545 0.042688 
-0.050000 0.042688 
-0.044427 0.042688 
-0.039783 0.042688 
-0.035913 0.042688 
-0.032688 0.042688 
-0.030000 0.042688 
-0.027500 0.042688 
-0.025000 0.042688 
-0.022500 0.042688 
-0.020000 0.042688 
-0.017500 0.042688 
-0.016250 0.042688 
-0.015000 0.042688 
-0.014000 0.042688 
-0.013000 0.042688 
-0.012000 0.042688 
-0.011000 0.042688 
-0.010000 0.042688 
-0.009000 0.042688 
-0.008000 0.042688 
-0.007000 0.042688 
-0.006000 0.042688 
-0.005000 0.042688 
-0.004000 0.042688 
-0.003000 0.042688 
-0.002000 0.042688 
-0.001000 0.042688 
-0.000000 0.042688 
0.001000 0.042688 
0.002000 0.042688 
0.003000 0.042688 
0.004000 0.042688 
0.005000 0.042688 
0.006000 0.042688 
0.007000 0.042688 
0.008000 0.042688 
0.009000 0.042688 
0.010000 0.042688 
0.011000 0.042688 
0.012000 0.042688 
0.013000 0.042688 
0.014000 0.042688 
0.015000 0.042688 
0.016250 0.042688 
0.017500 0.042688 
0.020000 0.042688 
0.022500 0.042688 
0.025000 0.042688 
0.027500 0.042688 
0.030000 0.042688 
0.032688 0.042688 
0.035913 0.042688 
0.039783 0.042688 
0.044427 0.042688 
0.050000 0.042688 
0.054545 0.042688 
0.060000 0.042688 
-0.060000 0.045913 
-0.054545 0.045913 
-0.050000 0.045913 
-0.044427 0.045913 
-0.039783 0.045913 
-0.035913 0.045913 
-0.032688 0.045913 
-0.030000 0.045913 
-0.027500 0.045913 
-0.025000 0.045913 
-0.022500 0.045913 
-0.020000 0.045913 
-0.017500 0.045913 
-0.016250 0.045913 
-0.015000 0.045913 
-0.014000 0.045913 
-0.013000 0.045913 
-0.012000 0.045913 
-0.011000 0.045913 
-0.010000 0.045913 
-0.009000 0.045913 
-0.008000 0.045913 
-0.007000 0.045913 
-0.006000 0.045913 
-0.005000 0.045913 
-0.004000 0.045913 
-0.003000 0.045913 
-0.002000 0.045913 
-0.001000 0.045913 
-0.000000 0.045913 
0.001000 0.045913 
0.002000 0.045913 
0.003000 0.045913 
0.004000 0.045913 
0.005000 0.045913 
0.006000 0.045913 
0.007000 0.045913 
0.008000 0.045913 
0.009000 0.045913 
0.010000 0.045913 
0.011000 0.045913 
0.012000 0.045913 
0.013000 0.045913 
0.014000 0.045913 
0.015000 0.045913 
0.016250 0.045913 
0.017500 0.045913 
0.020000 0.045913 
0.022500 0.045913 
0.025000 0.045913 
0.027500 0.045913 
0.030000 0.045913 
0.032688 0.045913 
0.035913 0.045913 
0.039783 0.045913 
0.044427 0.045913 
0.050000 0.045913 
0.054545 0.045913 
0.060000 0.045913 
-0.060000 0.049783 
-0.054545 0.049783 
-0.050000 0.049783 
-0.044427 0.049783 
-0.039783 0.049783 
-0.035913 0.049783 
-0.032688 0.049783 
-0.030000 0.049783 
-0.027500 0.049783 
-0.025000 0.049783 
-0.022500 0.049783 
-0.020000 0.049783 
-0.017500 0.049783 
-0.016250 0.049783 
-0.015000 0.049783 
-0.014000 0.049783 
-0.013000 0.049783 
-0.012000 0.049783 
-0.011000 0.049783 
-0.010000 0.049783 
-0.009000 0.049783 
-0.008000 0.049783 
-0.007000 0.049783 
-0.006000 0.049783 
-0.005000 0.049783 
-0.004000 0.049783 
-0.003000 0.049783 
-0.002000 0.049783 
-0.001000 0.049783 
-0.000000 0.049783 
0.001000 0.049783 
0.002000 0.049783 
0.003000 0.049783 
0.004000 0.049783 
0.005000 0.049783 
0.006000 0.049783 
0.007000 0.049783 
0.008000 0.049783 
0.009000 0.049783 
0.010000 0.049783 
0.011000 0.049783 
0.012000 0.049783 
0.013000 0.049783 
0.014000 0.049783 
0.015000 0.049783 
0.016250 0.049783 
0.017500 0.049783 
0.020000 0.049783 
0.022500 0.049783 
0.025000 0.049783 
0.027500 0.049783 
0.030000 0.049783 
0.032688 0.049783 
0.035913 0.049783 
0.039783 0.049783 
0.044427 0.049783 
0.050000 0.049783 
0.054545 0.049783 
0.060000 0.049783 
-0.060000 0.054427 
-0.054545 0.054427 
-0.050000 0.054427 
-0.044427 0.054427 
-0.039783 0.054427 
-0.035913 0.054427 
-0.032688 0.054427 
-0.030000 0.054427 
-0.027500 0.054427 
-0.025000 0.054427 
-0.022500 0.054427 
-0.020000 0.054427 
-0.017500 0.054427 
-0.016250 0.054427 
-0.015000 0.054427 
-0.014000 0.054427 
-0.013000 0.054427 
-0.012000 0.054427 
-0.011000 0.054427 
-0.010000 0.054427 
-0.009000 0.054427 
-0.008000 0.054427 
-0.007000 0.054427 
-0.006000 0.054427 
-0.005000 0.054427 
-0.004000 0.054427 
-0.003000 0.054427 
-0.002000 0.054427 
-0.001000 0.054427 
-0.000000 0.054427 
0.001000 0.054427 
0.002000 0.054427 
0.003000 0.054427 
0.004000 0.054427 
0.005000 0.054427 
0.006000 0.054427 
0.007000 0.054427 
0.008000 0.054427 
0.009000 0.054427 
0.010000 0.054427 
0.011000 0.054427 
0.012000 0.054427 
0.013000 0.054427 
0.014000 0.054427 
0.015000 0.054427 
0.016250 0.054427 
0.017500 0.054427 
0.020000 0.054427 
0.022500 0.054427 
0.025000 0.054427 
0.027500 0.054427 
0.030000 0.054427 
0.032688 0.054427 
0.035913 0.054427 
0.039783 0.054427 
0.044427 0.054427 
0.050000 0.054427 
0.054545 0.054427 
0.060000 0.054427 
-0.060000 0.060000 
-0.054545 0.060000 
-0.050000 0.060000 
-0.044427 0.060000 
-0.039783 0.060000 
-0.035913 0.060000 
-0.032688 0.060000 
-0.030000 0.060000 
-0.027500 0.060000 
-0.025000 0.060000 
-0.022500 0.060000 
-0.020000 0.060000 
-0.017500 0.060000 
-0.016250 0.060000 
-0.015000 0.060000 
-0.014000 0.060000 
-0.013000 0.060000 
-0.012000 0.060000 
-0.011000 0.060000 
-0.010000 0.060000 
-0.009000 0.060000 
-0.008000 0.060000 
-0.007000 0.060000 
-0.006000 0.060000 
-0.005000 0.060000 
-0.004000 0.060000 
-0.003000 0.060000 
-0.002000 0.060000 
-0.001000 0.060000 
-0.000000 0.060000 
0.001000 0.060000 
0.002000 0.060000 
0.003000 0.060000 
0.004000 0.060000 
0.005000 0.060000 
0.006000 0.060000 
0.007000 0.060000 
0.008000 0.060000 
0.009000 0.060000 
0.010000 0.060000 
0.011000 0.060000 
0.012000 0.060000 
0.013000 0.060000 
0.014000 0.060000 
0.015000 0.060000 
0.016250 0.060000 
0.017500 0.060000 
0.020000 0.060000 
0.022500 0.060000 
0.025000 0.060000 
0.027500 0.060000 
0.030000 0.060000 
0.032688 0.060000 
0.035913 0.060000 
0.039783 0.060000 
0.044427 0.060000 
0.050000 0.060000 
0.054545 0.060000 
0.060000 0.060000 
-0.060000 0.064545 
-0.054545 0.064545 
-0.050000 0.064545 
-0.044427 0.064545 
-0.039783 0.064545 
-0.035913 0.064545 
-0.032688 0.064545 
-0.030000 0.064545 
-0.027500 0.064545 
-0.025000 0.064545 
-0.022500 0.064545 
-0.020000 0.064545 
-0.017500 0.064545 
-0.016250 0.064545 
-0.015000 0.064545 
-0.014000 0.064545 
-0.013000 0.064545 
-0.012000 0.064545 
-0.011000 0.064545 
-0.010000 0.064545 
-0.009000 0.064545 
-0.008000 0.064545 
-0.007000 0.064545 
-0.006000 0.064545 
-0.005000 0.064545 
-0.004000 0.064545 
-0.003000 0.064545 
-0.002000 0.064545 
-0.001000 0.064545 
-0.000000 0.064545 
0.001000 0.064545 
0.002000 0.064545 
0.003000 0.064545 
0.004000 0.064545 
0.005000 0.064545 
0.006000 0.064545 
0.007000 0.064545 
0.008000 0.064545 
0.009000 0.064545 
0.010000 0.064545 
0.011000 0.064545 
0.012000 0.064545 
0.013000 0.064545 
0.014000 0.064545 
0.015000 0.064545 
0.016250 0.064545 
0.017500 0.064545 
0.020000 0.064545 
0.022500 0.064545 
0.025000 0.064545 
0.027500 0.064545 
0.030000 0.064545 
0.032688 0.064545 
0.035913 0.064545 
0.039783 0.064545 
0.044427 0.064545 
0.050000 0.064545 
0.054545 0.064545 
0.060000 0.064545 
-0.060000 0.070000 
-0.054545 0.070000 
-0.050000 0.070000 
-0.044427 0.070000 
-0.039783 0.070000 
-0.035913 0.070000 
-0.032688 0.070000 
-0.030000 0.070000 
-0.027500 0.070000 
-0.025000 0.070000 
-0.022500 0.070000 
-0.020000 0.070000 
-0.017500 0.070000 
-0.016250 0.070000 
-0.015000 0.070000 
-0.014000 0.070000 
-0.013000 0.070000 
-0.012000 0.070000 
-0.011000 0.070000 
-0.010000 0.070000 
-0.009000 0.070000 
-0.008000 0.070000 
-0.007000 0.070000 
-0.006000 0.070000 
-0.005000 0.070000 
-0.004000 0.070000 
-0.003000 0.070000 
-0.002000 0.070000 
-0.001000 0.070000 
-0.000000 0.070000 
0.001000 0.070000 
0.002000 0.070000 
0.003000 0.070000 
0.004000 0.070000 
0.005000 0.070000 
0.006000 0.070000 
0.007000 0.070000 
0.008000 0.070000 
0.009000 0.070000 
0.010000 0.070000 
0.011000 0.070000 
0.012000 0.070000 
0.013000 0.070000 
0.014000 0.070000 
0.015000 0.070000 
0.016250 0.070000 
0.017500 0.070000 
0.020000 0.070000 
0.022500 0.070000 
0.025000 0.070000 
0.027500 0.070000 
0.030000 0.070000 
0.032688 0.070000 
0.035913 0.070000 
0.039783 0.070000 
0.044427 0.070000 
0.050000 0.070000 
0.054545 0.070000 
0.060000 0.070000