291.960641870972
81.9602948377613
37.5043466999546
21.3134138717405
13.6395848269816
9.32809560020888
6.65472301360415
4.89002810608851
3.67182051610619
2.80237277081315
2.16585269441823
1.69052838823242
1.32996545805179
1.05299625859237
0.838063900101523
0.66988087825531
0.537375456419393
0.432385664708791
0.348803652439213
0.282000238110044
0.228428849071455
0.18534727664962
0.150618593085732
0.122566357223904
0.0998677447414194
0.0814736361493268
0.0665482220188045
0.0544230397790445
0.0445618824647033
0.0365338782522378
0.0299924878293934
0.0246586628894314
0.0203071616137153
0.0167556135828529
0.0138559921405314
0.0114879814205507
0.0095537255859358
0.00797360275400711
0.00668280279482029
0.00562855733163045
0.00476790261095304
0.00406587755041328
0.00349407836979256
0.00302950885614755
0.00265368195497532
0.00235194557227724
0.00211302682321051
0.00192882281675488
0.00179453430430021
0.00170940805856279
0.00167887335892508
0
29.8761695778401
24.4711833664877
17.4143018494258
12.2446633714652
8.76733082167139
6.41375852769522
4.78119542604574
3.62066829527932
2.77755439493258
2.15349498663465
1.68424314348827
1.32671233922863
1.05128799620626
0.837156045236467
0.669393559659612
0.537111683167588
0.432241889233995
0.348724821871911
0.28195680060584
0.228404812670965
0.185333927967304
0.150611156984376
0.122562203919678
0.0998654198483279
0.081472332387963
0.0665474898360658
0.054422628093988
0.0445616507033662
0.0365337475931502
0.0299924140541173
0.0246586211777817
0.0203071380091236
0.0167556002170524
0.0138559845685034
0.0114879771285575
0.00955372315172627
0.00797360137255836
0.00668280201025396
0.00562855688564692
0.00476790235711994
0.0040658774056725
0.00349407828700838
0.00302950880855648
0.00265368192737233
0.00235194555601683
0.00211302681336906
0.00192882281051714
0.00179453430003699
0.00170940805529253
0.00167887335596481
0
5.67176810805685
9.182075587478
9.71782840655808
8.64691264690534
7.10218749339216
5.63192528458045
4.40698392668071
3.43803723923999
2.6867303444497
2.10753342530236
1.66061628408324
1.31439716248684
1.04479083030112
0.833692360405347
0.667530439251472
0.536101806710881
0.431690911453375
0.348422532330003
0.281790159073956
0.228312573080164
0.185282692001911
0.150582611163702
0.122546258621454
0.0998564935678449
0.0814673264512926
0.066544678451239
0.0544210473000087
0.0445607607696955
0.0365332458738918
0.029992130761595
0.0246584610068202
0.0203070473681864
0.0167555488926513
0.013855955492023
0.011487960647346
0.0095537138043783
0.00797359606780172
0.00668279899752182
0.00562855517307119
0.00476790138240125
0.00406587684986808
0.00349407796911717
0.00302950862580677
0.00265368182137684
0.00235194549357686
0.00211302677557793
0.00192882278656421
0.00179453428366623
0.00170940804273471
0.00167887334459737
0
3.66163809634364
4.58843240071879
5.17545347826372
5.33589421660165
5.0467440695343
4.46362840663944
3.77278132601528
3.10130898636886
2.50952676171211
2.01439235831344
1.611503977595
1.28835855203673
1.03089587670424
0.826227871234802
0.663494506861923
0.53390655343379
0.430490374679526
0.347762810728847
0.281426080616652
0.228110897730656
0.18517061103463
0.150520144067008
0.122511356993028
0.0998369521872767
0.0814563662287014
0.0665385225977356
0.0544175857813156
0.0445588119786757
0.0365321471725191
0.0299915103758491
0.0246581102421364
0.0203068488683437
0.0167554364937086
0.0138558918151184
0.0114879245537236
0.00955369333377701
0.00797358445042036
0.00668279239965248
0.00562855142253588
0.0047678992477695
0.00406587563265728
0.00349407727293575
0.00302950822558505
0.00265368158924677
0.00235194535683334
0.00211302669281534
0.0019288227341073
0.00179453424781429
0.00170940801523307
0.00167887331970267
0
1.98360331559178
2.76793210784016
3.17504679933458
3.3857504278968
3.42717103387111
3.29318735252543
3.01090788449875
2.64000202102606
2.24306655035757
1.86490228668416
1.52903970686465
1.24326032214218
1.00631497172072
0.812830955646825
0.656179610022997
0.529901156838019
0.42828994353976
0.346549878156375
0.28075528808587
0.227738786011255
0.184963605430232
0.150404693422397
0.122446822298325
0.0998008076981888
0.0814360893047189
0.0665271322497432
0.0544111801645212
0.044555205435877
0.0365301137510982
0.0299903621568838
0.0246574610261199
0.020306481467008
0.0167552284532694
0.0138557739539003
0.0114878577467432
0.00955365544386211
0.00797356294725345
0.00668278018731806
0.00562854448046908
0.00476789529666171
0.00406587337965318
0.00349407598433379
0.00302950748479156
0.00265368115958374
0.00235194510372679
0.00211302653962524
0.00192882263701172
0.00179453418145382
0.00170940796432869
0.00167887327362361
0
1.30986407190618
1.77555486924789
2.06912643739454
2.25858413219182
2.35941239219174
2.37265090968559
2.29535094979194
2.13457876466072
1.91301559964289
1.66172787453588
1.40907739605468
1.17438264392902
0.967463217880273
0.791144331781038
0.644141258651154
0.523234027297825
0.424598571993078
0.344504195000954
0.279619802986118
0.227107308264448
0.18461170810586
0.150208201407604
0.122336897489221
0.099739206650602
0.0814015180003298
0.066507707017655
0.0544002539450839
0.0445490528840077
0.0365266445462683
0.0299884030693558
0.0246563532891113
0.0203058545633894
0.016754873462946
0.0138555728383218
0.0114877437478025
0.00955359078835731
0.00797352625399193
0.0066827593479774
0.00562853263437865
0.00476788855439693
0.00406586953506901
0.00349407378542858
0.00302950622068089
0.00265368042639449
0.00235194467181845
0.00211302627821715
0.00192882247132497
0.00179453406821435
0.00170940787746392
0.00167887319499294
0
0.881000778219138
1.21088614209575
1.41662189595672
1.56156159391399
1.66038085975634
1.71350874445534
1.71703951318364
1.66738557141764
1.56613591959922
1.42322778013129
1.25519738071112
1.07983382461397
0.911391333830112
0.758693710408951
0.625660028455055
0.512813105488221
0.418756297212915
0.34123840516268
0.277796231433934
0.226088986685368
0.184042629383808
0.149889819882569
0.122158543956985
0.099639166175588
0.0813453382036891
0.0664761263443247
0.0543824851978912
0.0445390452035902
0.0365210007481424
0.0299852156493651
0.0246545508840764
0.0203048344760889
0.0167542958093617
0.0138552455679837
0.0114875582372287
0.00955348557323608
0.0079734665418984
0.00668272543528555
0.00562851335669125
0.0047678775823715
0.00406586327857339
0.00349407020702916
0.00302950416352227
0.00265367923323355
0.00235194396894892
0.00211302585281247
0.00192882220169316
0.00179453388393306
0.00170940773610375
0.00167887306703258
0
0.622763166033831
0.853858615474439
1.00265852986664
1.11184311595281
1.19351008582513
1.25027630731097
1.28027786834435
1.27979907956798
1.24558957936995
1.17741719627365
1.08001871924586
0.962811998961535
0.837235542446532
0.713560212241029
0.598983674943638
0.497363399872826
0.409928731696336
0.336237646250629
0.274977809635975
0.224504937435547
0.183153440004155
0.149390810121023
0.121878408856364
0.0994818042662708
0.0812568787622479
0.0664263653464959
0.0543544738315098
0.0445232634116691
0.036512098588552
0.0299801872100447
0.0246517071133548
0.0203032248954055
0.0167533842901359
0.0138547291267471
0.0114872654892054
0.00955331953385072
0.00797337230943098
0.00668267191675147
0.00562848293387378
0.00476786026694973
0.00406585340490256
0.00349406455977714
0.00302950091701239
0.00265367735024191
0.00235194285971184
0.00211302518145762
0.00192882177617204
0.00179453359310832
0.00170940751301522
0.00167887286509106
0
0.450366835002032
0.618714653819496
0.727631047372994
0.809465175373843
0.873819188103382
0.923528294528693
0.958332366890563
0.976146565706741
0.974004842904913
0.949269220583186
0.901152869811278
0.83202754494428
0.747566374989896
0.655357388948284
0.562816474742272
0.475615093575992
0.397156325143609
0.328858217627843
0.270760367126342
0.222111285477864
0.18180058877773
0.148627987412332
0.121448764734114
0.0992399085813408
0.0811206857183162
0.0663496696346403
0.0543112680197606
0.0444989082967993
0.0364983554372621
0.0299724223600583
0.0246473150406514
0.0203007386763701
0.016751976207374
0.0138539313010611
0.01148681321872
0.00955306301026258
0.00797322672162105
0.00668258923029369
0.0056284359300074
0.00476783351410419
0.00406583814971802
0.00349405583453836
0.00302949590100917
0.00265367444093111
0.00235194114588652
0.00211302414418091
0.00192882111872034
0.00179453314376923
0.00170940716833196
0.001678872553081
0
0.332661765624281
0.457029133517444
0.538073673228105
0.599761753664936
0.649596919954262
0.690249146402834
0.722185787077015
0.744529884451002
0.755475836473265
0.752732891053601
0.734228217186814
0.699078344153913
0.648502732503977
0.58607991668765
0.516996407404779
0.446664173835498
0.379500333024743
0.318368563884271
0.264643043252456
0.218588963677064
0.179789499894698
0.147485909455186
0.120802314253008
0.0988746916268809
0.0809145682565213
0.0662334047138636
0.0542456962692392
0.0444619161285782
0.0364774698887198
0.0299606175485356
0.024640636058399
0.0202969572191079
0.0167498342905381
0.0138527175760682
0.0114861251421085
0.00955267272327053
0.00797300521106855
0.00668246342104836
0.00562836441160078
0.00476779280810252
0.00406581493791601
0.00349404255843123
0.00302948826875804
0.00265367001417137
0.00235193853815374
0.00211302256587332
0.00192882011834909
0.00179453246005944
0.00170940664386526
0.00167887207832947
0
0.249376477930827
0.342742451209052
0.403760696840886
0.45057988842326
0.489018635593924
0.521350204477276
0.548297663378194
0.5696494439909
0.584492952326169
0.591370728938023
0.588523910523264
0.574336996258802
0.547989954961817
0.510114173764115
0.463055282130402
0.410454092777848
0.356312117663113
0.304062836052383
0.256061874219875
0.213545338339503
0.176867029871273
0.145808827821543
0.11984603566649
0.0983316543683624
0.0806069975299561
0.0660594821789639
0.0541474375361668
0.0444064173252808
0.0364461095055178
0.0299428819632975
0.0246305975327095
0.0202912721187526
0.0167466134888125
0.0138508922567851
0.0114850902501587
0.00955208568041391
0.00797267201548566
0.00668227417335001
0.00562825682825217
0.00476773157418532
0.00406578002011576
0.00349402258687805
0.00302947678733059
0.00265366335483915
0.00235193461523907
0.0021130201915593
0.00192881861344704
0.00179453143152423
0.00170940585488616
0.00167887136413906
0
0.189202939766838
0.260072444817315
0.306493713676403
0.342286547389293
0.371961100272074
0.397383153427998
0.419297142427388
0.437801800482358
0.452514340116786
0.46263509104369
0.46701328712248
0.464294841849399
0.453220491427823
0.433081012239796
0.404198345809384
0.368160666957713
0.327583564301823
0.285464508508242
0.24447850912015
0.206541513858632
0.172723400076489
0.143395023274222
0.118454900553213
0.0975357097560595
0.0801538010259205
0.0658022693506649
0.0540017514364433
0.0443239837757556
0.0363994713903946
0.0299164834320858
0.0246156467882061
0.0202828016142729
0.0167418132994291
0.0138481713185209
0.0114835473629764
0.00955121039412524
0.0079721751851598
0.00668199197188609
0.005628096397565
0.00476764025880018
0.00406572794797846
0.00349399280343053
0.00302945966502617
0.0026536534236959
0.00235192876492752
0.00211301665069411
0.00192881636915053
0.00179452989764317
0.00170940467826048
0.0016788702990475
0
0.144910166188017
0.199212441097515
0.234827380687878
0.26237338498612
0.285351771101944
0.305261710528516
0.322775890905475
0.338112565538792
0.351165332410425
0.361543395235201
0.368584422986076
0.37138495248617
0.368896722108453
0.360134991507479
0.344505978814302
0.322165970629283
0.29422048126431
0.262586251884703
0.2295358892429
0.197161960330565
0.167014299763082
0.139998737646359
0.116467562072799
0.0963862433513583
0.079494281339687
0.0654259398395663
0.0537877948376565
0.0442026023985431
0.0363306717874085
0.0298774911124838
0.024593544091765
0.0202702714731436
0.0167347095465242
0.0138441434529567
0.0114812629296935
0.00954991424336105
0.00797143939179967
0.00668157401025297
0.00562785877647536
0.00476750500308057
0.00406565081734294
0.00349394868670186
0.00302943430233674
0.00265363871291737
0.0023519200989465
0.00211301140564248
0.00192881304468564
0.00179452762550903
0.00170940293532599
0.00167886872132786
0
0.111843916780959
0.153764994585996
0.1812835821607
0.202609765967615
0.220469669425587
0.236056387641411
0.249942299650715
0.262372426850045
0.27337046621915
0.282772492443511
0.290229972960951
0.295206245045135
0.296991627697653
0.29476955016796
0.287766692965507
0.275494065331728
0.258018937852311
0.236129404889946
0.211254095050261
0.185134704264441
0.159415781702334
0.135348028941368
0.113688141103763
0.0947537949992493
0.0785473108762331
0.0648813738709285
0.0534764930513242
0.0440253163468746
0.0362299144753114
0.0298202795217229
0.0245610717349547
0.0202518462119026
0.0167242571728157
0.0138382143494948
0.01147789918992
0.00954800531530065
0.007970355583593
0.00668095830003613
0.00562750870638005
0.00476730573095751
0.00406553717705731
0.00349388368588903
0.00302939693279176
0.00265361703771974
0.00235190733019076
0.00211300367735932
0.00192880814625801
0.00179452427762778
0.00170940036719123
0.00167886639662845
0
0.0868692616124057
0.119434795972704
0.140823878666455
0.157421289964022
0.171356512898468
0.183574692793696
0.1945481425638
0.204507905620878
0.213530552090431
0.221568619959285
0.228454782017384
0.233893890619341
0.23745484461166
0.238578557583752
0.236625109166935
0.230984564996881
0.22125777304041
0.207464760431464
0.190179037282022
0.170480905525122
0.149717831807352
0.129188237023307
0.109900640980168
0.0924816450116169
0.0772087579930983
0.0641030581022226
0.0530280569312664
0.0437685096438934
0.0360833909784273
0.0297368532944024
0.0245136304669044
0.0202248920453786
0.016708952569796
0.0138295273366454
0.0114729686507746
0.00954520637317725
0.00796876612717583
0.00668005519917186
0.00562699518431332
0.00476701339561691
0.00406537045679236
0.00349378832074422
0.00302934210522025
0.00265358523593667
0.00235188859569393
0.00211299233822162
0.00192880095911687
0.00179451936548269
0.00170939659911277
0.00167886298572624
0
0.0678267180923973
0.0932562455467516
0.109964553867964
0.122940804288128
0.133853938445465
0.143451526983919
0.152116877490653
0.160052012148904
0.167348248874074
0.17401327709974
0.179977559136964
0.185089413657739
0.189104675896102
0.19167801843026
0.192367369778651
0.19066850717353
0.186098396867152
0.17833280046023
0.167367576121619
0.153627605666882
0.137939872410595
0.121355350569104
0.104903503567998
0.0893974622389114
0.0753528696696765
0.0630070797365413
0.0523895126324035
0.0433999108713592
0.0358718935721117
0.0296159547606719
0.0244446903792067
0.0201856482268407
0.0166866403139379
0.0138168510379306
0.0114657692730384
0.00954111764740891
0.00796644351324655
0.00667873524795639
0.00562624452060685
0.00476658601725818
0.00406512670333738
0.00349364888512142
0.0030292619377501
0.0026535387350551
0.00235186120146113
0.00211297575754184
0.00192879044961575
0.00179451218258715
0.00170939108913633
0.00167885799803497
0
0.0531923914641612
0.0731366434766997
0.0862440744577646
0.0964294926864949
0.105005017541544
0.112561957791336
0.119408579573991
0.125714816760381
0.131569281981865
0.137002643376269
0.141995151120174
0.146475145718733
0.150311885469423
0.153305655271417
0.155179890947846
0.155583745075181
0.154118027539589
0.150398819343108
0.144163463065264
0.135396439147207
0.124417422363397
0.111866020086576
0.0985675031442331
0.0853408989163264
0.0728417124459291
0.0614923238297081
0.0514931295382186
0.0428766136793199
0.0355692027083886
0.0294419391075989
0.0243450655991778
0.0201287801092237
0.0166542453455696
0.0137984217236748
0.0114552927480572
0.00953516387457154
0.00796305992770985
0.00667681174005457
0.0056251503730833
0.00476596298791428
0.00406477132392927
0.00349344558068254
0.00302914504344903
0.00265347092849063
0.00235182125479983
0.00211295157893582
0.00192877512405694
0.00179450170799009
0.00170938305406716
0.00167885072459
0
0.0418708469866936
0.057570871755325
0.0678906640253379
0.075912902070516
0.0826721565097961
0.0886365430825427
0.0940527802953464
0.0990607697130169
0.103739415753617
0.108126310274661
0.11222530884616
0.116007279535367
0.11940625745373
0.122312347825049
0.124563119130309
0.125936886636777
0.126154271878423
0.124897988224495
0.121861974355784
0.116833810598803
0.109793584503927
0.100984909282326
0.0909064761467399
0.0802095773477886
0.0695473325475854
0.0594481570505784
0.0502574434517211
0.0421438280597595
0.0351404891832986
0.0291934670846141
0.0242020006202608
0.0200467891579978
0.0166074089484912
0.0137717249320671
0.0114400958272245
0.00952651936832406
0.00795814395123932
0.00667401582253891
0.00562355947058037
0.0047650568975156
0.00406425440608602
0.00349314983242992
0.00302897498400565
0.00265337227747292
0.00235176313474318
0.00211291639958345
0.00192875282530249
0.00179448646722423
0.00170937136278486
0.00167884014146983
0
0.03306120470953
0.0454583306132458
0.0536079843990206
0.0599448359835328
0.0652866990682775
0.0700046154245222
0.074295564273997
0.0782733016299849
0.0820050663362365
0.0855278625225401
0.0888554449066213
0.0919801964505259
0.0948715837572588
0.0974719416225495
0.0996901930859083
0.101394653732279
0.102407466828573
0.102505592443626
0.10143608495549
0.0989543663986835
0.0948887363229068
0.0892183360758961
0.0821302753790453
0.0740151976998107
0.0653885786329423
0.0567723218638999
0.0485935040712474
0.0411357226639715
0.0345413047512025
0.028842209421432
0.0239981090802964
0.0199292702625686
0.0165400084878615
0.0137331987720261
0.0114181221393282
0.00951400293427837
0.00795101931115422
0.00666996106986324
0.00562125122037623
0.0047637418262312
0.00406350400146598
0.00349272043140105
0.0030287280458107
0.00265322901855845
0.00235167872959278
0.0021128653083012
0.00192872043979071
0.0017944643319719
0.00170935438252686
0.00167882477063769
0
0.0261680530062894
0.035980629209762
0.0424317238229246
0.0474487013259128
0.0516793564137389
0.0554181319368911
0.0588221060581612
0.0619830928380254
0.0649569872464992
0.0677770709853042
0.0704601269568484
0.073008717577501
0.0754109752083591
0.0776384365447491
0.079642156722644
0.0813474085625809
0.082647780233956
0.0834006175632525
0.0834276345326547
0.0825267286515474
0.0805018387464193
0.0772135166020821
0.0726405264557277
0.0669260008797876
0.0603761711062471
0.0534006052993184
0.0464192992296913
0.0397804478882309
0.0337182499383916
0.028352025928126
0.0237103228813848
0.0197620498941988
0.0164435532403908
0.0136778426548212
0.0113864601809493
0.00949593238317838
0.00794071900018676
0.0066640933824921
0.00561790869930105
0.00476183662344318
0.0040624165074032
0.0034920979999667
0.00302837004473726
0.00265302130494433
0.00235155633974934
0.00211279122053352
0.00192867347561359
0.00179443223150483
0.00170932975744878
0.00167880247946535
0
0.0207368915237139
0.0285129894756909
0.0336255018719005
0.0376019429770411
0.0409559283021411
0.0439212076551408
0.0466228999634358
0.049134741105523
0.0515025020664748
0.053754770507978
0.0559081351932007
0.0579694648526737
0.0599363806666785
0.0617963539098443
0.0635245627835187
0.0650805510414237
0.0664038438590561
0.0674090938129052
0.0679822187445443
0.0679804707106065
0.0672411703676798
0.0656046654593206
0.0629541708656895
0.0592657192836615
0.0546476875566804
0.0493431687491486
0.0436834825821639
0.0380116407166747
0.0326129846139156
0.0276794979298598
0.0233092278303283
0.0195263339849394
0.0163064838926306
0.0135987253220437
0.0113410242686937
0.00946992697441358
0.00792586639818219
0.00665562074591322
0.00561307763299881
0.00475908112430378
0.00406084293098819
0.00349119706599552
0.00302785174175345
0.00265272053614623
0.00235137909997631
0.00211268392144356
0.00192860545511906
0.00179438573714798
0.00170929408968637
0.00167877019197085
0
0.0139805185675028
0.0192231336874852
0.0226701519782517
0.0253515220801573
0.0276137040925466
0.0296145798158314
0.0314389497633985
0.0331372073114391
0.0347412426642665
0.0362718812493049
0.0377426250570588
0.0391615411354273
0.0405320739071579
0.0418531082345131
0.043118393400137
0.0443153217154959
0.0454229980946965
0.0464095459725605
0.0472287232739933
0.0478162795063476
0.0480872333604352
0.0479365038051201
0.0472468064752118
0.0459081018204767
0.0438495052953649
0.0410756418978677
0.0376892651465606
0.0338821598625495
0.0298932731646128
0.0259541115509122
0.0222467400879878
0.0188868001300389
0.0159280011829559
0.013377469129172
0.0112128009653401
0.00939606428090236
0.00788348939442552
0.00663137006254806
0.0055992193030387
0.0047511645113625
0.00405631713793635
0.00348860392723556
0.00302635914019317
0.00265185406927888
0.00235086836935078
0.00211237467468504
0.00192840938850935
0.00179425170749242
0.00170919126478924
0.00167867711029954
0
0.0104541504252227
0.0143744198700269
0.0169520471004958
0.018957225842844
0.020649079548955
0.0221457482160146
0.0235107679659814
0.0247820124129773
0.02598361801511
0.0271315949261263
0.028236696272514
0.0293059350412891
0.0303433432996207
0.0313502366011332
0.0323250884143265
0.0332630331524398
0.034154964172684
0.0349861654368951
0.0357344226070689
0.0363676344287977
0.0368411532886545
0.0370955247152064
0.0370560682434735
0.0366367854761375
0.0357517813534467
0.0343361234921764
0.0323728913831528
0.029915153923155
0.0270880199489243
0.0240645194797426
0.0210256120089334
0.0181237490049075
0.0154635067566857
0.0131002323590482
0.0110497000134019
0.00930109397622366
0.00782858532538696
0.00659978149507185
0.00558109958619421
0.00474078629815544
0.00405037318405159
0.00348519385996281
0.00302439456072501
0.00265071290152505
0.00235019542339759
0.00211196708088824
0.00192815091281886
0.00179407498983565
0.00170905567887738
0.00167855436831607
0
0.00794957190391991
0.0109306436851652
0.0128907602017537
0.0144156098062658
0.0157022603068456
0.016840585991917
0.0178789595617705
0.0188462701527829
0.01976100703418
0.0206355490234653
0.0214783799810731
0.0222952916460594
0.0230900329173455
0.0238646148276846
0.0246193631414453
0.025352747388758
0.0260609756481638
0.0267373169770348
0.0273710970670891
0.027946316603044
0.0284398894279692
0.0288196334513359
0.0290424390922295
0.0290535579592964
0.028788682682696
0.0281811041707148
0.0271757745704014
0.0257490969800497
0.0239275597101575
0.0217940593405102
0.0194745386897379
0.0171093832978709
0.0148235342678055
0.012707720292432
0.0108140716519754
0.00916186134200148
0.00774723894620341
0.00655262752762168
0.00555390790192846
0.00472515410268434
0.0040413967867503
0.00348003469737676
0.00302141852551979
0.00264898266804456
0.00234917446740184
0.00211134843022206
0.0019277584747811
0.00179380662778124
0.00170884975399806
0.00167836794274952
0
0.00612738653231735
0.00842514776018256
0.00993598459457483
0.0111113424187571
0.0121031290699781
0.0129806359036951
0.0137811752247369
0.014527056268195
0.0152325940188879
0.0159074262052086
0.0165582369264572
0.0171897073084657
0.0178050504824149
0.0184062969944186
0.0189944081284427
0.0195692480810902
0.0201294174550037
0.0206719300233253
0.0211916985159692
0.0216807843196534
0.0221273673978672
0.022514422975056
0.0228181823028371
0.023006656213726
0.0230388675471889
0.0228659730027658
0.0224359578988379
0.0217034403290538
0.0206442764115119
0.0192706550238986
0.017638521371673
0.0158404706455912
0.0139853916263395
0.0121745986244756
0.0104849747660517
0.00896330706765784
0.00762945561529741
0.00648360031888676
0.00551379115222339
0.00470196390806244
0.00402802863933468
0.00347233044840483
0.00301696588542152
0.00264639048656707
0.00234764346342846
0.0021104201000925
0.00192716932041939
0.00179340361912825
0.00170854045245249
0.00167808791182664
0
0.00477538342003863
0.00656614780014815
0.00774362668137198
0.00865965796932087
0.00943263678004065
0.0101165741095008
0.01074056275452
0.0113220099434677
0.0118721032196312
0.0123984008239684
0.0129061828312024
0.0133992036066064
0.0138801257657297
0.0143507675611782
0.0148122275608945
0.0152649155165247
0.0157084976834605
0.016141750383776
0.0165623036592436
0.0169662463485472
0.0173475562104545
0.0176973189706198
0.0180027202099542
0.0182458565368888
0.0184025544079599
0.0184416505683382
0.0183255889094513
0.018013598208821
0.0174687076140132
0.0166686688677766
0.0156179978935439
0.0143551584341619
0.0129490280674991
0.011484347715516
0.0100428829543298
0.00868888568793435
0.00746316079389976
0.00638460750307992
0.00545560636373916
0.00466805717723829
0.00400837104527993
0.00346095585129305
0.00301037336234354
0.00264254489439598
0.00234536898183137
0.00210903959729788
0.00192629259460473
0.00179280361960344
0.00170807983748525
0.00167767084790061
0
0.00375662762463546
0.00516536071947468
0.00609164581654819
0.00681226332910895
0.00742035338293516
0.00795840891292753
0.00844932292825546
0.00890679935734919
0.00933965464942697
0.00975385818731285
0.0101535991089094
0.0105418840544764
0.0109208871308388
0.0112921571479343
0.0116567341943908
0.0120152008638607
0.0123676781882665
0.0127137661256734
0.0130524202357074
0.0133817485344451
0.0136987051954851
0.0139986519845944
0.0142747579497042
0.0145172216330029
0.0147123446456832
0.0148415883004759
0.0148809405614588
0.0148012237186111
0.014570303375429
0.0141582150216935
0.0135454351002715
0.0127324455132544
0.0117461703656506
0.0106384537477116
0.00947556749681715
0.00832339992272226
0.00723520323967027
0.00624593039324662
0.00537278430481154
0.00461923221663925
0.00397982952107493
0.00344434346556828
0.00300070507896016
0.00263688859619432
0.00234201663450329
0.00210700191013732
0.00192499718335385
0.00179191647662718
0.00170739850727824
0.00167705385169577
0
0.00297945939085187
0.00409675548014255
0.00483141322982934
0.00540295385610819
0.00588525016884868
0.00631200643317068
0.00670138301056131
0.00706425402872241
0.00740761998386763
0.00773622739227277
0.00805341692414835
0.00836160047533293
0.00866254314452761
0.00895753410333819
0.009247488617115
0.00953300267122398
0.00981437012675874
0.0100915649775776
0.0103641856675411
0.0106313532969348
0.0108915503010337
0.011142380835741
0.0113802296525606
0.0115997955852093
0.0117934853952918
0.0119506862201845
0.0120570111229084
0.012093759085292
0.0120380626093554
0.0118644601708187
0.0115487102525113
0.0110741262413366
0.0104391745297866
0.00966302754145532
0.00878515062474336
0.00785765488756275
0.00693364984649355
0.0060570568845928
0.00525747229253748
0.00455014028245538
0.00393896156240878
0.00342035459403002
0.00298665944784849
0.00262863623674665
0.00233711085213885
0.00210401359552202
0.00192309457952543
0.00179061218747525
0.00170639620609242
0.00167614600645786
0
0.00238066464767973
0.00327341326570832
0.00386042463257283
0.00431710232385201
0.0047024733650817
0.0050434694958657
0.00535460310505053
0.00564456564052432
0.00591895484216147
0.00618156959328574
0.00643508865329834
0.00668145340950787
0.00692209549121722
0.00715807670547817
0.00739017557128166
0.00761893833483287
0.00784470345557014
0.0080676031161618
0.00828754139985658
0.00850414538119756
0.00871668191958418
0.00892392915347569
0.00912398765869466
0.00931401274493061
0.00948984861776848
0.00964555203791727
0.00977281724215918
0.0098603713577137
0.00989352149051373
0.00985421397854649
0.00972217725166857
0.00947780343262768
0.00910704965785005
0.00860748687756684
0.00799299218140557
0.00729392370948497
0.00655148394447949
0.00580853952706407
0.00510122165193612
0.00445440993307003
0.00388139556781885
0.00338615643575809
0.00296646269955155
0.00261669647895063
0.00232998179519665
0.00209965743237655
0.00192031500697592
0.00178870388901513
0.00170492845745147
0.00167481617935837
0
0.00191554155247965
0.00263386930112905
0.00310619363652992
0.00347364886045577
0.00378372997259851
0.00405810753224382
0.00430845951469687
0.00454178072372536
0.00476257744248936
0.00497390967799142
0.00517793784320631
0.00537623155486521
0.00556995400058515
0.00575997634238043
0.00594695001057691
0.00613135167576747
0.00631350870879745
0.00649360881417922
0.00667169471843053
0.00684764251155719
0.0070211200113358
0.00719151905641519
0.00735785279522448
0.00751860592626595
0.00767152307694011
0.00781331977037337
0.00793930549086942
0.00804292659279011
0.00811528071644107
0.00814474073929828
0.00811696628357251
0.00801574958201311
0.00782522150140968
0.00753367763548374
0.00713840799938326
0.00664961482885855
0.00609087630915957
0.0054949455794184
0.004896492216862
0.00432521141888264
0.00380193583225274
0.00333815667840459
0.00293776724342732
0.00259958253195375
0.00231969857070367
0.00209334554471611
0.00191627470133954
0.00178592406577191
0.00170278765129511
0.00167287569513114
0
0.00155181267949493
0.00213374225482334
0.00251638047093361
0.00281406275416983
0.00306526582193701
0.00328754569217822
0.0034903633992931
0.00367938632975753
0.00385826628113486
0.00402948400305257
0.00419479237245372
0.00435546699917441
0.0045124562414178
0.0046664748568808
0.00481806400269059
0.00496762978028716
0.00511546696704925
0.00526177137535752
0.00540664220532922
0.00555007417793011
0.00569193778623554
0.00583194444623894
0.00596959150103455
0.00610407985448757
0.0062341945755565
0.00635813660242775
0.006473292993973
0.00657593695039063
0.00666086279943624
0.00672099512001589
0.00674707847670253
0.00672766437719765
0.00664974741751276
0.0065004733010481
0.00627014893162687
0.00595611127756809
0.00556597546927948
0.00511821787606379
0.00463901278027232
0.00415647435567843
0.00369502308952631
0.00327208915800689
0.00289759632952996
0.00257532571189646
0.00230499180495215
0.00208425991861376
0.00191043218121202
0.00178189175056484
0.0016996765210697
0.00167005390067843
0
0.00126575802554678
0.00174041718789765
0.00205252162115871
0.00229533071162485
0.00250022865518186
0.00268153544607167
0.00284696838691497
0.00300115058324037
0.00314706131577279
0.00328672501127492
0.00342157288673524
0.00355264759974811
0.00368072596691789
0.00380639587864584
0.00393010601734621
0.0040521984453014
0.004172929652316
0.00429248312070793
0.00441097488493642
0.00452845243190929
0.00464488632181274
0.00476015292485508
0.00487400553133721
0.00498602969868777
0.00509557700048551
0.00520166941714596
0.00530286483263709
0.00539707349792229
0.00548131818079414
0.00555144155727254
0.00560179094956231
0.00562496341432361
0.00561178140727935
0.00555177806474941
0.00543453260451751
0.00525205467509185
0.00500189382624397
0.00468982151763896
0.00433044026595565
0.00394478023499581
0.00355571849071607
0.00318338644849465
0.00284241053051599
0.00254142538839178
0.00228417699775625
0.00207128225987509
0.00190203201931731
0.00177606826764587
0.00169517142778887
0.00166596405700923
0
0.00103968242174245
0.00142956327693841
0.00168592317070542
0.00188536457666285
0.00205366625831578
0.00220259063003562
0.00233847676665554
0.00246512227665329
0.00258497466517078
0.00269969730822058
0.00281046659269309
0.00291814014596098
0.00302335783069969
0.00312660521060722
0.00322825481503205
0.00332859353587443
0.00342784084373012
0.00352616047375431
0.00362366699678993
0.00372042785203922
0.00381646075032545
0.00391172572199375
0.00400611037863311
0.00409940609838359
0.00419127176136319
0.00428118032156375
0.00436834196818369
0.00445159620013411
0.00452926461751253
0.0045989584310922
0.00465734317707901
0.00469988404741218
0.00472063712650925
0.00471222129260352
0.00466619324210699
0.00457410055754306
0.00442938192976809
0.00422987464655553
0.00398002483212191
0.00369147427833561
0.00338122171545166
0.00306797204939406
0.00276840497555001
0.00249489600257784
0.00225510516782415
0.00205292178765529
0.00189003690083332
0.00176769942397782
0.00168867249725937
0.00166005644448951
0
0.000860210854349784
0.00118278989576165
0.001394896596741
0.00155991021723353
0.00169915958610097
0.0018223767258828
0.00193480653388523
0.00203959119684601
0.00213875592116747
0.00223367724071784
0.00232532891301729
0.00241442118142528
0.00250148444373128
0.00258692192166725
0.00267104403793805
0.00275409143165491
0.00283625054292044
0.00291766403685175
0.00299843735106826
0.00307864200740257
0.00315831584945065
0.00323745994468364
0.00331603144752615
0.00339393119549989
0.00347098414686974
0.00354690991542489
0.00362127959232695
0.00369345381787709
0.00376249591363056
0.00382705344658326
0.00388520330867216
0.00393426209993635
0.00397058021237421
0.00398937137500938
0.00398468502109801
0.00394969969885541
0.00387756002496231
0.00376289964685398
0.00360387035464841
0.00340396311444336
0.00317255073883756
0.00292347598712778
0.0026721423234417
0.00243249832798511
0.00221518921676553
0.00202726162700635
0.00187305397786656
0.00175574373011267
0.00167933782071248
0.0016515553256996
0
0.000717112386760286
0.000986029515896317
0.00116285170158448
0.00130041490003806
0.00141649984951446
0.00151921965360869
0.00161294675264371
0.00170030069256877
0.00178296988851956
0.00186210204661544
0.00193850918183357
0.0020127837539187
0.00208536847731506
0.00215660031755091
0.00222673928055095
0.00229598779286845
0.00236450397917528
0.00243241077284146
0.00249980199323629
0.00256674601610085
0.00263328730562799
0.00269944578384735
0.00276521372783866
0.00283054956327621
0.00289536752228414
0.00295952161335319
0.0030227816738931
0.00308479842417354
0.00314505345661345
0.00320278916515687
0.00325691325618797
0.0033058738332148
0.00334750638793163
0.00337886729923978
0.00339609516553449
0.00339438599375814
0.0033682256685833
0.00331206023744698
0.00322152336750594
0.00309508483094247
0.00293555329669786
0.00275056884678615
0.00255152083372182
0.00235123796871521
0.00216157548097419
0.00199196205537551
0.001849271208901
0.00173879041561294
0.00166600038375041
0.00163937707016068
0
0.000602469813704904
0.000828395985099793
0.000976950160074453
0.00109252157838327
0.00119004843665359
0.00127634683812913
0.00135509024028309
0.00142847944976571
0.00149793301999959
0.00156441526766516
0.00162860853020092
0.00169101075799375
0.00175199419747236
0.00181184240346607
0.00187077449932292
0.00192896156711602
0.00198653796222492
0.00204360920289517
0.00210025742270418
0.00215654496409145
0.00221251641436839
0.00226819917367276
0.00232360245366506
0.00237871440389593
0.00243349682077814
0.00248787658261626
0.00254173254241674
0.00259487606965204
0.00264702274937115
0.00269775195594584
0.00274645027095374
0.00279223442016469
0.0028338504857754
0.00286955043653598
0.00289695768320046
0.00291295488001935
0.00291366327577974
0.00289462954106328
0.00285136699274536
0.0027803509910113
0.0026803648397935
0.00255374502858859
0.00240682737662972
0.00224912756119065
0.0020915259427776
0.0019443757523775
0.00181643371612953
0.0017149791251472
0.00164707040237737
0.00162202941608803
0
0.000510080024177462
0.000701360028431079
0.000827133170951652
0.000924981528578509
0.00100755250569662
0.00108061695375029
0.00114728501367261
0.00120942001680323
0.00126822301267615
0.00132451048935518
0.00137886022349001
0.00143169391925368
0.00148332691107679
0.00153399952792437
0.00158389767423931
0.00163316676748948
0.00168192140739112
0.00173025218794007
0.00177823050870127
0.00182591190417794
0.00187333818931027
0.00192053855930898
0.00196752964881839
0.00201431442473275
0.00206087963870245
0.00210719137957415
0.00215318802107904
0.00219876953247223
0.00224378168735701
0.00228799315843994
0.00233106285137032
0.00237249423197397
0.0024115731693228
0.00244728669695602
0.00247822356382543
0.00250246607065954
0.00251750009342301
0.00252019944631024
0.00250697872821289
0.0024742346686382
0.00241915948756645
0.00234084730258728
0.0022413340060458
0.00212600731548418
0.00200300602116861
0.00188182696291875
0.00177190438955169
0.00168194577249069
0.00162043399967535
0.0015974982888033
0
0.000435010816920274
0.000598139870619484
0.000705402804012231
0.00078885068808822
0.000859269594053488
0.000921581074200715
0.000978437553750005
0.00103142814740219
0.00108157716350877
0.00112958095514392
0.00117593231000894
0.00122099093441879
0.00126502585179775
0.00130824216670227
0.00135079864001673
0.00139281960954142
0.0014344032867425
0.0014756276408164
0.00151655461177749
0.00155723311160605
0.00159770109190191
0.00163798683135117
0.00167810949890115
0.00171807896040609
0.00175789470327868
0.00179754364198557
0.00183699642273588
0.00187620165206265
0.0019150772129555
0.00195349748653294
0.00199127485940663
0.00202813339030084
0.00206367203457029
0.00209731465130846
0.00212824474924364
0.00215532576313667
0.00217701467444756
0.0021912909509128
0.00219564660467215
0.00218721425513171
0.00216313174473818
0.00212121360224331
0.00206086974585769
0.00198398541913585
0.00189531010859732
0.00180204996555701
0.00171285168736571
0.00163683275358152
0.00158337280453996
0.00156314089699189
0
0.000373265322025519
0.000513239816336243
0.000605277836692924
0.000676881121916311
0.000737304768719175
0.000790771766581627
0.000839558059731527
0.000885027210751924
0.00092805814822483
0.000969248400951951
0.00100902083464791
0.00104768413544104
0.00108546919628167
0.0011225520909021
0.00115906916744206
0.00119512729631853
0.00123081101781506
0.00126618763297327
0.00130131088059272
0.00133622360357617
0.00137095965725374
0.00140554521129629
0.00143999952248061
0.00147433519331984
0.00150855787082341
0.00154266527125022
0.00157664533134403
0.00161047317356582
0.00164410641973103
0.00167747818009414
0.00171048677000299
0.00174298085853305
0.00177473835313159
0.00180543695427088
0.00183461419510169
0.00186161540651748
0.00188553039494492
0.0019051253862152
0.00191878838662345
0.0019245256309403
0.00192007236735554
0.00190319949673269
0.00187227587124107
0.00182704233880603
0.00176937145418604
0.00170365273008773
0.00163656467450098
0.00157640481189701
0.00153254595783587
0.00151562263019445
0
0.00032152188544434
0.000442092591698887
0.000521371958402483
0.000583049331056474
0.000635096831295742
0.000681152043665826
0.000723175415068388
0.000762341489885743
0.000799407362331345
0.00083488773860432
0.000869146878862516
0.000902450698530101
0.000934998114030272
0.000966940836961501
0.00099839638271377
0.00102945690856589
0.00106019538643254
0.00109067001161589
0.00112092740484144
0.00115100496017455
0.00118093256414184
0.00121073382794795
0.00124042691586463
0.0012700250068488
0.00129953638511876
0.00132896411232388
0.00135830518296636
0.00138754899915885
0.00141667491265346
0.00144564846176364
0.00147441576747462
0.00150289533670728
0.00153096624818799
0.00155845138556996
0.00158509410303192
0.00161052664300775
0.00163422917959846
0.00165548033546608
0.00167330480535951
0.00168643329633393
0.00169330610014732
0.00169217281389643
0.00168135628711612
0.00165973241175478
0.00162739474393096
0.00158632663178915
0.00154079565147661
0.00149728332366803
0.00146408588688706
0.00145095522470144
0
0.000276929247934629
0.000380777715488298
0.000449061638398531
0.000502184830696215
0.000547013742045261
0.000586681452643788
0.000622876511770743
0.000656610565640209
0.000688535708597783
0.000719095266055269
0.000748602985656619
0.000777287913784447
0.000805321395736721
0.00083283412735336
0.00085992736350708
0.000886680536439466
0.000913156581276951
0.000939405746425649
0.000965468370825729
0.000991376934684096
0.00101715758205067
0.00104283124374137
0.0010684144413766
0.00109391981792446
0.00111935641073102
0.00114472965485778
0.00117004107351825
0.00119528757428107
0.00122046021959849
0.0012455422721511
0.00127050622222407
0.00129530937772211
0.00131988743031605
0.00134414520233149
0.00136794354487233
0.00139108115777017
0.00141327008886167
0.0014341041797159
0.00145302141759726
0.00146926517365196
0.00148185728669247
0.00148960933712463
0.00149121613461985
0.00148548875537118
0.00147177196305487
0.00145052444201779
0.00142392055460624
0.00139623757727178
0.00137384055353552
0.00136469631268076
0
0.000236946362907639
0.000325801248776598
0.00038422637870674
0.000429679676041896
0.000468036216733257
0.000501976729176113
0.000532945971661128
0.000561809530701361
0.00058912535345388
0.00061527276101083
0.000640520206450574
0.000665063672782999
0.00068904977586866
0.000712590355640494
0.000735772068536769
0.000758662909183319
0.000781316771853431
0.000803776717859012
0.000826077362351127
0.000848246644473642
0.000870307152935812
0.000892277120386986
0.00091417116073132
0.000936000795582731
0.000957774794297737
0.000979499332865939
0.00100117795753023
0.00102281131665454
0.00104439659610471
0.00106592655571427
0.00108738801287122
0.00110875954856086
0.00113000811549585
0.00115108410248211
0.00117191425447675
0.00119239167950982
0.00121236204341638
0.0012316050898105
0.001249811105607
0.00126655342740281
0.0012812614929141
0.00129320562295434
0.00130151585424972
0.00130527179924652
0.00130371149321584
0.00129659649910394
0.00128471342968001
0.00127038268475268
0.00125772537160409
0.00125232259301128
0
0.000199223710046332
0.000273932601200796
0.000323056255401376
0.000361273236360373
0.000393523288474844
0.000422060359487328
0.000448099197750896
0.000472367586140635
0.000495334645715398
0.000517319309824257
0.000538547295090981
0.000559183386636673
0.000579350863468503
0.000599143767517263
0.000618634970087211
0.000637881656985357
0.000656929166322326
0.000675813739472392
0.00069456453341369
0.000713205117209253
0.000731754598530865
0.000750228477362327
0.000768639291862403
0.000786997099107357
0.00080530981692963
0.00082358343957428
0.000841822127370532
0.000860028157302814
0.00087820170548401
0.00089634041204168
0.000914438651306211
0.000932486392305704
0.000950467482671622
0.000968357119186748
0.000986118177619341
0.00100369596517572
0.00102101084578359
0.00103794811634683
0.00105434458936152
0.0010699717951632
0.00108451700169718
0.00109756612239445
0.00110859810568317
0.00111700944541854
0.00112219900264283
0.00112375079802403
0.00112173906503781
0.00111711929978822
0.00111203769396994
0.00110966596213541
0
0.000161526127618608
0.000222098425420015
0.00026192678549164
0.00029291225899686
0.000319059880278902
0.000342197099879365
0.000363308808791627
0.000382985077399158
0.000401606259031083
0.000419430938421009
0.00043664212262548
0.000453373417336385
0.000469724776812685
0.000485772451728186
0.000501575529840496
0.000517180384056258
0.000532623785282118
0.000547935134682737
0.000563138097955688
0.000578251822644044
0.000593291857385091
0.000608270852738023
0.000623199097575821
0.000638084927583539
0.000652935029909225
0.000667754658362199
0.000682547765276236
0.000697317048083434
0.000712063899697454
0.000726788240822329
0.000741488197901009
0.000756159570868972
0.000770795008036037
0.000785382768761482
0.000799904905635616
0.000814334635342157
0.000828632594129717
0.000842741603391856
0.000856579541018216
0.000870030013046823
0.000882930931960461
0.000895062180821474
0.000906135852984039
0.000915796857276871
0.000923648392990191
0.000929324379041161
0.000932632170857861
0.000933765462161798
0.000933505786532633
0.000933146021212542
0
0.000121689849685902
0.000167323543291885
0.000197329259575805
0.000220672960591737
0.000240371941685845
0.000257802959635481
0.000273708007410267
0.000288531629796676
0.000302560375930879
0.000315989057559829
0.000328955548205554
0.000341560503837791
0.000353879228602331
0.000365969169455215
0.000377874843991928
0.000389631191878686
0.000401265920540887
0.000412801187692123
0.000424254833736867
0.000435641300602385
0.000446972326837729
0.000458257479366368
0.000469504563129218
0.000480719936977151
0.000491908755143083
0.00050307514691498
0.000514222341714871
0.000525352741898778
0.000536467940576102
0.000547568675956681
0.000558654706429995
0.000569724580863522
0.000580775265330361
0.00059180156922307
0.000602795288867403
0.000613743953804814
0.000624629019425488
0.000635423302408652
0.00064608741339599
0.000656564933390613
0.000666776171892282
0.000676610668443938
0.000685919395579174
0.000694509258044172
0.000702145337373509
0.000708570209317635
0.000713552088139972
0.000716966031918248
0.000718875017294079
0.000719478144537114
0
7.75800923286235e-05
0.000106672626940422
0.000125801964741316
0.000140684113818521
0.000153242669719686
0.00016435534673669
0.000174495182570271
0.000183945584843848
0.000192889235324863
0.00020145033110968
0.000209716769912718
0.000217752722477033
0.000225606197288816
0.000233313818636776
0.000240903968301216
0.000248398922293189
0.000255816346468529
0.000263170369449634
0.000270472368709692
0.000277731556937157
0.000284955426043074
0.000292150087439487
0.000299320535069679
0.000306470849550333
0.000313604356159955
0.000320723745321524
0.000327831161052048
0.000334928260138576
0.000342016242188381
0.00034909584785589
0.000356167319106802
0.000363230310907454
0.000370283737674959
0.000377325529482777
0.000384352261514329
0.000391358604593669
0.000398336523910427
0.000405274127103503
0.000412154033629044
0.000418951111932253
0.000425629427636984
0.000432138304728827
0.000438407599670039
0.000444342752730176
0.000449821064013611
0.000454691947971072
0.000458784909530449
0.000461926673826278
0.00046395546606477
0.000464682318497666
0
2.75206164787113e-05
3.78408476549753e-05
4.46267530785357e-05
4.99060187411135e-05
5.43610173221493e-05
5.83031075466309e-05
6.19000939260113e-05
6.52525119560797e-05
6.84251658349316e-05
7.14621130234725e-05
7.43945342159367e-05
7.72451932571746e-05
8.0031120641123e-05
8.27653084792645e-05
8.54578249902982e-05
8.8116572501857e-05
9.07478180297069e-05
9.33565739251369e-05
9.59468767896489e-05
9.85219955701478e-05
0.000101084589196835
0.000103636827486551
0.000106180484734369
0.000108717012549124
0.000111247596512725
0.000113773199822473
0.000116294595991522
0.000118812391781661
0.00012132704070555
0.000123838846555005
0.000126347955376984
0.000128854332996368
0.000131357723408039
0.00013385758091154
0.000136352965461429
0.000138842386002056
0.000141323570157593
0.000143793130233806
0.000146246085055842
0.0001486751856287
0.000151069983018504
0.000153415576616494
0.000155691005195123
0.000157867317890595
0.000159905520070444
0.00016175483356371
0.00016335188723567
0.000164620909470948
0.000165471961386805
0.000165785607291228
0
2.74503257250713e-05
3.77441978687262e-05
4.45127713256526e-05
4.97785531492123e-05
5.42221731621946e-05
5.81541948443658e-05
6.17419941155973e-05
6.50858496927547e-05
6.82504002567853e-05
7.12795907409651e-05
7.42045222006163e-05
7.70479003392477e-05
7.98267121530472e-05
8.25539165701883e-05
8.52395560939672e-05
8.7891512868521e-05
9.05160379029088e-05
9.31181307463497e-05
9.57018176905971e-05
9.82703593336976e-05
0.00010082640781533
0.000103372127411436
0.000105909287886912
0.000108439337145323
0.000110963457743834
0.000113482610424534
0.000115997566732081
0.000118508931889143
0.00012101715826579
0.000123522548900513
0.000126025249499765
0.000128525226023914
0.000131022223192991
0.000133515696804077
0.000136004709363431
0.000138487773843109
0.000140962623989195
0.000143425881217492
0.000145872577728103
0.000148295483960219
0.000150684178939196
0.000153023801821838
0.000155293447106667
0.000157464240459909
0.000159497289440433
0.000161341947170661
0.00016293500293478
0.000164200870780627
0.00016504982319302
0.000165362699623604
0
2.73659785741014e-05
3.76282205361647e-05
4.43759960655195e-05
4.96255976186966e-05
5.40555636339892e-05
5.79755033167449e-05
6.15522782876338e-05
6.48858591352128e-05
6.80406859239554e-05
7.10605685567385e-05
7.39765125241036e-05
7.68111537613195e-05
7.95814270683003e-05
8.23002515540588e-05
8.49776388640889e-05
8.7621446922921e-05
9.02379075320698e-05
9.28320048786706e-05
9.54077528830778e-05
9.79684021249211e-05
0.000100516596595415
0.000103054493921565
0.000105583858432184
0.000108106133584613
0.00011062249830637
0.000113133910393295
0.000115641139027856
0.000118144787585497
0.000120645307064467
0.000123142999598967
0.000125638010487274
0.000128130305852097
0.000130619631282337
0.000133105444370861
0.000135586810684763
0.000138062248027089
0.000140529497486543
0.000142985191405921
0.000145424378028258
0.000147839851103777
0.000150221223194997
0.000152553681158686
0.000154816386340566
0.000156980556214162
0.000159007420938507
0.000160846491168235
0.000162434748701177
0.000163696830457995
0.000164543262749521
0.000164855215502955
0
2.72647645149312e-05
3.74890512048293e-05
4.42118698429501e-05
4.94420555554338e-05
5.38556371816883e-05
5.77610788262582e-05
6.13246249661046e-05
6.46458764449722e-05
6.77890349934493e-05
7.07977484819291e-05
7.37029077260584e-05
7.6527064941326e-05
7.9287092293734e-05
8.19958611105727e-05
8.46633460089836e-05
8.72973758507775e-05
8.99041593890626e-05
9.24886623769938e-05
9.50548838896499e-05
9.76060624848658e-05
0.000100144832375905
0.000102673343211182
0.000105193352796288
0.000107706299253148
0.000110213357153736
0.000112715480758397
0.000115213436414908
0.000117707825281956
0.000120199096711457
0.000122687551752137
0.000125173335211944
0.000127656413407719
0.000130136532969922
0.000132613153644677
0.00013508534466978
0.000137551629642141
0.000140009758456612
0.000142456376561184
0.000144886551440268
0.000147293104802968
0.000149665689436447
0.000151989549410591
0.000154243926253194
0.00015640014756533
0.000158419590583976
0.000160251954973947
0.000161834453565158
0.000163091990836102
0.000163935397954208
0.000164246241852337
0
2.71433112601054e-05
3.73220529794561e-05
4.40149242397114e-05
4.9221811636959e-05
5.36157325815835e-05
5.7503777098048e-05
6.10514491128791e-05
6.43579057892241e-05
6.74870628654952e-05
7.04823737788698e-05
7.33745917392004e-05
7.61861685012211e-05
7.89339010724814e-05
8.16306034439394e-05
8.42862058000944e-05
8.69085021286198e-05
8.95036735254652e-05
9.20766636237689e-05
9.4631453684892e-05
9.71712678409769e-05
9.9698728572082e-05
0.000102215975952534
0.000104724759960193
0.000107226512314563
0.000109722402360995
0.00011221338011723
0.00011470020852934
0.000117183486095746
0.000119663660192541
0.000122141030565438
0.000124615741433258
0.00012708775934477
0.00012955683217878
0.000132022422263009
0.000134483603236726
0.000136938905644622
0.00013938608994182
0.000141821817292296
0.000144241178255497
0.000146637028070593
0.000148999067765739
0.000151312610028065
0.000153556992554303
0.000155703675039476
0.000157714211153517
0.000159538527332629
0.000161114113667751
0.000162366195865118
0.000163205971300596
0.000163515483937564
0
2.69975725318461e-05
3.71216622281105e-05
4.37785979115672e-05
4.8957528323712e-05
5.33278572884733e-05
5.71950259927854e-05
6.07236497342108e-05
6.40123532780757e-05
6.71247091843466e-05
7.01039375786001e-05
7.29806265495682e-05
7.57771073033292e-05
7.8510086660468e-05
8.11923098107746e-05
8.38336536214785e-05
8.64418702328079e-05
8.90231075533638e-05
9.15822826732947e-05
9.41233554783524e-05
9.66495327905384e-05
9.91634230105966e-05
0.00010166715472433
0.000104162468516574
0.000106650788424059
0.000109133277520261
0.000111610880731769
0.000114084356922505
0.000116554301398356
0.000119021159164072
0.000121485228401123
0.000123946652620356
0.000126405398647359
0.000128861215856761
0.000131313569670922
0.000133761539006048
0.000136203662737175
0.000138637713981585
0.000141060372747763
0.000143466757264271
0.000145849762976824
0.000148199148761845
0.000150500309592006
0.000152732698495765
0.000154867933596216
0.000156867780196043
0.000158682436798615
0.000160249726240368
0.000161495259927658
0.000162330675231619
0.000162638589445793
0
2.68226934656721e-05
3.68812035121367e-05
4.3495018330007e-05
4.86404017810657e-05
5.29824215691757e-05
5.68245403600547e-05
6.03303071416859e-05
6.35977078290797e-05
6.66899031855154e-05
6.96498333745024e-05
7.25078883478051e-05
7.5286254659215e-05
7.80015309095049e-05
8.06663797305152e-05
8.32906140114178e-05
8.58819356775994e-05
8.84464528145157e-05
9.09890506620905e-05
9.35136634564702e-05
9.60234772484267e-05
9.85210835442853e-05
0.000101008597144212
0.000103487747361836
0.000105959949014838
0.000108426357650556
0.000110887912086212
0.000113345366286997
0.000115799311727459
0.00011825019056621
0.000120698299106733
0.000123143780008861
0.000125586600428224
0.000128026511531292
0.000130462982449321
0.000132895098423921
0.000135321408316519
0.000137739700424459
0.000140146677348637
0.000142537490490597
0.000144905083501638
0.000147239284617527
0.000149525587474681
0.000151743583398012
0.000153865080503123
0.000155852097927777
0.000157655160572228
0.000159212490613645
0.000160450162623174
0.000161280342746372
0.000161586337551791
0
2.66128491764265e-05
3.6592667614446e-05
4.31547400048958e-05
4.82598691341794e-05
5.25679196246734e-05
5.63799800364631e-05
5.98583198506276e-05
6.3100158400508e-05
6.61681623183224e-05
6.91049358300781e-05
7.1940631135196e-05
7.469726121349e-05
7.73912948085014e-05
8.00352954874991e-05
8.26389993698064e-05
8.52100481259717e-05
8.7754502056011e-05
9.02772081814381e-05
9.27820699603745e-05
9.52722485193434e-05
9.77503150923852e-05
0.000100218367937724
0.000102678122844173
0.000105130983566991
0.000107578096622406
0.000110020393496438
0.000112458622275637
0.000114893369836515
0.000117325074921555
0.000119754031579377
0.000122180381446563
0.000124604092071731
0.000127024916767049
0.000129442329107769
0.000131855421916122
0.00013426275602286
0.000136662137920617
0.000139050297291202
0.000141422425300909
0.000143771523387311
0.000146087502933667
0.000148355975860113
0.00015055669930205
0.000152661709192894
0.000154633329094956
0.000156422475465063
0.000157967849755205
0.000159196082798238
0.000160019976384046
0.000160323666038915
0
2.63610511516725e-05
3.62464453304388e-05
4.27464305367893e-05
4.78032573808732e-05
5.20705471622497e-05
5.5846539685345e-05
5.92919691151774e-05
6.2503134942351e-05
6.55421108774476e-05
6.84510980457158e-05
7.12599633609347e-05
7.39905115266874e-05
7.66590554672199e-05
7.92780398794607e-05
8.18571087644281e-05
8.4403831491156e-05
8.69242110204961e-05
8.94230485145149e-05
9.19042104998033e-05
9.43708281954651e-05
9.68254485101482e-05
9.92701498528365e-05
0.000101706631783425
0.0001041362847829
0.000106560244530543
0.000108979433715042
0.000111394593368375
0.000113806304848819
0.000116215002798409
0.000118620978558102
0.000121024372533704
0.000123425152741041
0.000125823075060692
0.000128217618391131
0.000130607884637311
0.000132992448972674
0.000135369139694547
0.000137734718939057
0.000140084425529064
0.000142411330159448
0.00014470544387096
0.00014695252036326
0.000149132515537057
0.00015121773845994
0.000153170877750301
0.000154943319562006
0.000156474340570908
0.000157691239785999
0.000158507583361522
0.000158808504181396
0
2.60589150815938e-05
3.58310082341178e-05
4.22564941356267e-05
4.72553623732548e-05
5.14737427937543e-05
5.52064569386859e-05
5.86123967252619e-05
6.1786757911575e-05
6.47909027530305e-05
6.76665486885065e-05
7.044322031347e-05
7.31424724178963e-05
7.5780430956255e-05
7.83693979912739e-05
8.09189069899078e-05
8.34364405655546e-05
8.59279328769347e-05
8.83981300586233e-05
9.08508543224136e-05
9.3289201000907e-05
9.57156878141804e-05
9.81323693536235e-05
0.000100540925705587
0.000102942731422775
0.000105338909180663
0.000107730371111308
0.000110117849780929
0.000112501919925092
0.000114883011263726
0.000117261411886003
0.000119637260716688
0.000122010526326081
0.000124380967667634
0.000126748070014093
0.000129110946149658
0.000131468188429851
0.000133817651275353
0.000136156135706555
0.000138478937647119
0.000140779210777842
0.000143047085558294
0.00014526848559428
0.000147423605009621
0.000149485080280798
0.000151416037732512
0.000153168426911713
0.000154682214896822
0.000155885503451186
0.000156692778232757
0.000156990372669917
0
2.56963824702175e-05
3.53325258935207e-05
4.16686201923576e-05
4.65979439861747e-05
5.07576381388858e-05
5.4438422623635e-05
5.77969788472942e-05
6.09271782009971e-05
6.38895292661695e-05
6.67251691071577e-05
6.9463211572219e-05
7.21249115803881e-05
7.47261707414053e-05
7.72791199714609e-05
7.97931601078756e-05
8.22756696661016e-05
8.47325002492765e-05
8.71683319645317e-05
8.9586933850317e-05
9.19913581789397e-05
9.4384087646956e-05
9.67671482667948e-05
9.91421967581813e-05
0.000101510588561049
0.000103873430747
0.000106231622780341
0.00010858588706797
0.000110936790397019
0.000113284756578641
0.000115630069796157
0.000117972867191288
0.000120313117990884
0.000122650584822761
0.00012498476058945
0.000127314771101826
0.000129639229292461
0.000131956020869991
0.00013426199342932
0.000136552511291344
0.000138820827545364
0.000141057215711653
0.000143247802957576
0.000145373068855028
0.000147406042270711
0.000149310374263848
0.000151038690107133
0.000152531785552304
0.000153718727007978
0.000154515106757489
0.000154808704162641
0
2.52613868590895e-05
3.47344069282741e-05
4.09632420354855e-05
4.58091208456314e-05
4.98983985223586e-05
5.35168736491086e-05
5.68185752857175e-05
5.98957857419571e-05
6.28079892929591e-05
6.55956266233014e-05
6.8287318733895e-05
7.09039607346398e-05
7.3461185048529e-05
7.59709172364511e-05
7.84423989960846e-05
8.08828839378396e-05
8.32981246080516e-05
8.5692721888816e-05
8.80703810168952e-05
9.04341025973001e-05
9.27863273023848e-05
9.51290468529693e-05
9.74638899312081e-05
9.97921890433802e-05
0.000102115032537437
0.00010443330467663
0.000106747715676061
0.000109058822783018
0.000111367042714922
0.000113672654962779
0.000115975794520424
0.000118276431390094
0.000120574332590264
0.000122869000151787
0.000125159575477279
0.00012744469613304
0.000129722285288109
0.000131989246304077
0.000134241025403163
0.00013647099471742
0.000138669599097172
0.000140823209521875
0.000142912647506356
0.000144911412076277
0.00014678378324511
0.000148483196666017
0.000149951442768144
0.000151118747433357
0.000151902035460031
0.000152190828812954
0
2.47394536794293e-05
3.4016748806306e-05
4.01168880611882e-05
4.48626446987386e-05
4.8867432568503e-05
5.24111452826745e-05
5.56446294599609e-05
5.86582607373556e-05
6.15102943673729e-05
6.42403354773971e-05
6.68764137212478e-05
6.94389924887571e-05
7.19433812168866e-05
7.44012590691902e-05
7.68216767982592e-05
7.92117381460867e-05
8.15770768048145e-05
8.39221985976439e-05
8.62507322082499e-05
8.85656162480678e-05
9.08692409661449e-05
9.31635569378909e-05
9.54501592038249e-05
9.77303527522881e-05
0.000100005203464305
0.000102275577362238
0.000104542170030163
0.0001068055272651
0.000109066057267423
0.000111324033889861
0.00011357958953712
0.000115832695124284
0.000118083122912359
0.000120330385847424
0.000122573643985335
0.000124811564369927
0.000127042115002428
0.000129262265991153
0.000131467561592198
0.000133651516439432
0.000135804780495084
0.000137914016660866
0.000139960455943071
0.000141918160556241
0.000143752164231761
0.000145416874386474
0.00014685527544267
0.000147998987331717
0.00014876654031667
0.000149049558054261
0
2.41132205683251e-05
3.31556782786147e-05
3.91014038898889e-05
4.37270305527978e-05
4.76304446897992e-05
5.10844549285302e-05
5.42360894870133e-05
5.71734363116422e-05
5.99532760319489e-05
6.26142112454773e-05
6.51835620877548e-05
6.76812739562252e-05
7.01222687582323e-05
7.25179300214147e-05
7.48770793959207e-05
7.72066408064646e-05
7.9512105339807e-05
8.17978647641471e-05
8.40674559120164e-05
8.63237430126379e-05
8.85690558151546e-05
9.08052955268534e-05
9.30340168231731e-05
9.5256491674434e-05
9.74737590034542e-05
9.96866629441346e-05
0.000101895881522129
0.000104101946790706
0.000106305256723361
0.000108506078396313
0.000110704541090904
0.000112900616792815
0.000115094084017135
0.000117284468753723
0.000119470953362332
0.000121652240143198
0.000123826350727033
0.000125990335074402
0.00012813985473373
0.000130268594849515
0.000132367450837276
0.000134423434988133
0.000136418268516555
0.000138326688054555
0.000140114630350167
0.000141737667961833
0.000143140218637867
0.000144255578939971
0.00014500421475485
0.000145280286632878
0
2.33618623568737e-05
3.21225607379607e-05
3.78830199412011e-05
4.23645139460147e-05
4.61462992754829e-05
4.94926839506295e-05
5.25461148496207e-05
5.53919351340566e-05
5.80851561720365e-05
6.0663177719828e-05
6.31524686286748e-05
6.55723528056475e-05
6.79372871977158e-05
7.02583006267393e-05
7.25439398643235e-05
7.4800913089247e-05
7.70345402893556e-05
7.92490763888007e-05
8.14479480163199e-05
8.36339301565769e-05
8.58092799700814e-05
8.79758394312519e-05
9.0135114784237e-05
9.22883383826144e-05
9.44365168023225e-05
9.6580467911976e-05
9.87208486655278e-05
0.000100858174618989
0.000102992831464641
0.000105125078132158
0.000107255040131857
0.000109382690699416
0.000111507815803133
0.000113629957009074
0.000115748323329831
0.000117861659210142
0.000119968050399415
0.000122064642339809
0.000124147236843207
0.000126209722979151
0.000128243289754353
0.000130235367443713
0.000132168263858394
0.000134017522959623
0.000135750163093608
0.000137323153624346
0.00013868263303801
0.000139763915127448
0.0001404898012108
0.000140757516904537
0
2.24604017564479e-05
3.08830524124848e-05
3.64212336597773e-05
4.07298009426496e-05
4.43656591015594e-05
4.75829173444665e-05
5.05185259737133e-05
5.32545350274418e-05
5.58438331585752e-05
5.83223769847945e-05
6.07156140079505e-05
6.30421224866422e-05
6.53158015200934e-05
6.75472543630805e-05
6.97446979948023e-05
7.19145817474043e-05
7.40620203284165e-05
7.61911044797272e-05
7.83051286100102e-05
8.04067606300744e-05
8.24981706097223e-05
8.45811294562522e-05
8.66570853056846e-05
8.87272229782496e-05
9.07925102377083e-05
9.28537334355235e-05
9.49115242373672e-05
9.69663783959817e-05
9.90186668537972e-05
0.000101068638744159
0.000103116415020292
0.000105161970369609
0.000107205099632404
0.000109245362960183
0.00011128200119342
0.0001133138091235
0.000115338949113293
0.0001173546807088
0.00011935697336066
0.000121339959892617
0.000123295180296524
0.000125210564643892
0.000127069122364014
0.000128847363472409
0.000130513601422459
0.000132026479847596
0.000133334203155851
0.000134374513147024
0.000135073031283409
0.000135330690160414
0
2.1378882888947e-05
2.93959639698019e-05
3.4667469332341e-05
3.87685694087818e-05
4.22293528188096e-05
4.52916928404369e-05
4.80859453109119e-05
5.06902093745102e-05
5.31548269766008e-05
5.55140233429224e-05
5.77920206209909e-05
6.00065024846452e-05
6.21706987604897e-05
6.42947021331397e-05
6.63863339163701e-05
6.84517328933821e-05
7.04957674883801e-05
7.25223314668304e-05
7.45345606071912e-05
7.65349943587695e-05
7.85256983041486e-05
8.05083580871036e-05
8.24843521268969e-05
8.44548082130163e-05
8.64206475401964e-05
8.83826186409068e-05
9.03413228317748e-05
9.22972320925221e-05
9.42506996486833e-05
9.62019628498397e-05
9.81511371367931e-05
0.000100098198872612
0.000102042953444947
0.000103984983161686
0.000105923566842497
0.000107857559382154
0.000109785214626285
0.000111703928392029
0.000113609870362867
0.000115497464550068
0.000117358670302292
0.000119182014987939
0.000120951346810553
0.000122644331272582
0.000124230832081201
0.000125671499376607
0.000126917018099528
0.000127908053758115
0.000128573636280173
0.000128819186467152
0
2.00813800238872e-05
2.76118975305007e-05
3.25634706801956e-05
3.64156714513677e-05
3.96664169276059e-05
4.25429008888174e-05
4.51675677639389e-05
4.7613776792772e-05
4.99288146246034e-05
5.21448293267516e-05
5.42845729838114e-05
5.63646560323799e-05
5.83975053697517e-05
6.03926011472323e-05
6.23572899969588e-05
6.42973381350454e-05
6.62173185182637e-05
6.81208885982238e-05
7.00109938434433e-05
7.18900195865401e-05
7.37599060550386e-05
7.56222365997835e-05
7.74783059977137e-05
7.93291736141226e-05
8.11757047685459e-05
8.30186026128266e-05
8.48584320404595e-05
8.66956364911172e-05
8.85305479067412e-05
9.03633894579526e-05
9.21942699108034e-05
9.40231675485366e-05
9.58499002806567e-05
9.76740768034515e-05
9.94950212194459e-05
0.000101311660121283
0.000103122356515644
0.000104924668853934
0.000106715005825862
0.000108488139071091
0.000110236528677236
0.000111949415415584
0.000113611649699095
0.000115202278461692
0.000116693020429957
0.000118046929982034
0.000119217670639588
0.000120149430129235
0.000120775361659102
0.000121006326189162
0
1.85248079002138e-05
2.5471610860636e-05
3.00393717064101e-05
3.35929760500713e-05
3.65917458263155e-05
3.92452642970612e-05
4.16664848311665e-05
4.39230803586884e-05
4.60586721892393e-05
4.81029164904988e-05
5.00768017602017e-05
5.19956509069718e-05
5.38709275797692e-05
5.57113770934396e-05
5.75237766197889e-05
5.93134454180384e-05
6.10846019819069e-05
6.28406202644072e-05
6.458421742461e-05
6.63175939051788e-05
6.80425395475131e-05
6.97605149823917e-05
7.14727146399908e-05
7.31801157937379e-05
7.48835167232722e-05
7.65835661266527e-05
7.82807851839022e-05
7.99755830699324e-05
8.16682661549967e-05
8.33590405432706e-05
8.50480069106114e-05
8.67351457226424e-05
8.84202897335998e-05
9.01030790379818e-05
9.17828916848794e-05
9.34587397314198e-05
9.51291163462581e-05
9.67917739438067e-05
9.84434063093964e-05
0.000100079199821034
0.000101692212106107
0.00010327253551028
0.000104806217289241
0.000106273955165364
0.000107649686780328
0.000108899346794146
0.000109980175631233
0.000110840606186093
0.000111418784130308
0.000111632171632069
0
1.66574923662699e-05
2.29040520016852e-05
2.70113788808369e-05
3.0206777048886e-05
3.2903268420136e-05
3.5289310095174e-05
3.74664696524651e-05
3.94955985363325e-05
4.14159209933574e-05
4.32541038257554e-05
4.50290198739428e-05
4.67544474852296e-05
4.84406947638382e-05
5.00956254902874e-05
5.17253336926749e-05
5.33346024455956e-05
5.49272250166662e-05
5.65062352638828e-05
5.80740764576957e-05
5.96327272391134e-05
6.11837970390787e-05
6.27285992659452e-05
6.42682079656112e-05
6.5803501924033e-05
6.73351989867411e-05
6.88638825112684e-05
7.03900212140185e-05
7.19139831302375e-05
7.34360439028066e-05
7.49563890879851e-05
7.64751095471928e-05
7.79921882042055e-05
7.95074753874633e-05
8.10206485159215e-05
8.25311498563326e-05
8.40380932673e-05
8.55401270152433e-05
8.70352346895975e-05
8.85204499320859e-05
8.99914536197699e-05
9.14420160121861e-05
9.2863245395301e-05
9.42426175724209e-05
9.55628020691009e-05
9.6800389844891e-05
9.79247655558413e-05
9.88974653395356e-05
9.96720406955301e-05
0.000100192686982906
0.000100384884137963
0
1.44174500446673e-05
1.9823993809746e-05
2.33789814870868e-05
2.61446734921084e-05
2.8478549971645e-05
3.05437249631388e-05
3.24281075862136e-05
3.41843661921412e-05
3.58464502856896e-05
3.74374406092465e-05
3.89736720486356e-05
4.04670700865583e-05
4.19265566290816e-05
4.33589379629534e-05
4.47694886129217e-05
4.61623484430476e-05
4.75408006166902e-05
4.8907471011027e-05
5.02644743368249e-05
5.16135231585817e-05
5.29560104829011e-05
5.42930731049471e-05
5.56256406505605e-05
5.69544737501378e-05
5.82801937460846e-05
5.96033055925925e-05
6.09242150402677e-05
6.22432407286586e-05
6.35606213747872e-05
6.4876517789907e-05
6.61910089217485e-05
6.75040804374342e-05
6.88156034468842e-05
7.01252997044237e-05
7.14326878723168e-05
7.27370029999725e-05
7.40370780624928e-05
7.53311720290049e-05
7.66167234679781e-05
7.78900025615218e-05
7.91456290554233e-05
8.0375922721939e-05
8.15700637761407e-05
8.27130761606987e-05
8.3784722763218e-05
8.47585200812692e-05
8.56011635033658e-05
8.62723781886625e-05
8.67236945494033e-05
8.68903375540863e-05
0
1.17303121409319e-05
1.61291791924247e-05
1.90215849218234e-05
2.12718046489165e-05
2.317069103445e-05
2.48509567681167e-05
2.6384126385136e-05
2.7813051859946e-05
2.91653551567186e-05
3.04598152074259e-05
3.17097223866025e-05
3.29247794944124e-05
3.41122455638981e-05
3.52776583200119e-05
3.64253092171114e-05
3.75585665282347e-05
3.86801014987571e-05
3.97920505940172e-05
4.08961343853978e-05
4.19937462515618e-05
4.30860195744746e-05
4.41738792800878e-05
4.52580817411209e-05
4.63392458377901e-05
4.74178771309076e-05
4.84943864973144e-05
4.95691041171158e-05
5.06422893204275e-05
5.17141364479008e-05
5.27847765088311e-05
5.38542739862433e-05
5.4922617584456e-05
5.59897029714175e-05
5.70553045433898e-05
5.8119031815295e-05
5.91802640665749e-05
6.02380541834316e-05
6.12909890836409e-05
6.23369896657296e-05
6.33730282228458e-05
6.43947368800456e-05
6.53958797562189e-05
6.63676702023881e-05
6.72979429545006e-05
6.81702523254289e-05
6.89630629455139e-05
6.96492667174758e-05
7.01960358635279e-05
7.05637959766213e-05
7.06996187989909e-05
0
8.50680838969277e-06
1.1696861534846e-05
1.3794430723944e-05
1.54262873892462e-05
1.68033575338234e-05
1.80218842421418e-05
1.9133737021944e-05
2.01699920740603e-05
2.11506808140297e-05
2.20894217009902e-05
2.29958528987872e-05
2.38770108666399e-05
2.47381598468118e-05
2.55833157910638e-05
2.64155908573152e-05
2.72374277136544e-05
2.80507635447779e-05
2.88571477138909e-05
2.96578279789204e-05
3.04538148187941e-05
3.12459301642817e-05
3.20348447757768e-05
3.28211071815378e-05
3.36051662040571e-05
3.43873884920719e-05
3.51680720374701e-05
3.59474563224935e-05
3.67257294659952e-05
3.75030324813839e-05
3.82794604906643e-05
3.90550604243777e-05
3.98298243364009e-05
4.06036769245238e-05
4.13764551061362e-05
4.21478764672672e-05
4.2917491974672e-05
4.3684616393107e-05
4.44482272747999e-05
4.52068201650354e-05
4.59582040345808e-05
4.6699217750033e-05
4.74253477142127e-05
4.81302329562947e-05
4.88050643564865e-05
4.9437928685904e-05
5.0013216651082e-05
5.05112622259766e-05
5.09082188822692e-05
5.1175294268914e-05
5.12739531543906e-05
0
4.63969906931709e-06
6.37958621977657e-06
7.52362160516292e-06
8.41365268432614e-06
9.16472062609602e-06
9.82931737915641e-06
1.04357330960323e-05
1.10009170500039e-05
1.15357945770939e-05
1.20477933222489e-05
1.25421700372393e-05
1.30227624779136e-05
1.34924418151446e-05
1.39533983896096e-05
1.44073296037582e-05
1.48555677136043e-05
1.52991692795245e-05
1.57389793402939e-05
1.61756784363489e-05
1.66098176940948e-05
1.70418454043522e-05
1.74721274088054e-05
1.79009628835457e-05
1.83285966256747e-05
1.87552286161639e-05
1.91810213931757e-05
1.96061055880113e-05
2.00305838250405e-05
2.04545330473793e-05
2.087800518394e-05
2.13010259021286e-05
2.17235909721026e-05
2.21456594755652e-05
2.2567142688124e-05
2.29878869027697e-05
2.34076476838172e-05
2.38260519797393e-05
2.42425431196724e-05
2.46563019607007e-05
2.50661354687751e-05
2.54703222614797e-05
2.58664042467653e-05
2.62509167907714e-05
2.66190608703108e-05
2.69643444706716e-05
2.72782575731027e-05
2.75500710494935e-05
2.77667618657696e-05
2.7912586944021e-05
2.79664644630309e-05
0
0
0
0
0
0
0
0
0
0
0
0
0
0
0
0
0
0
0
0
0
0
0
0
0
0
0
0
0
0
0
0
0
0
0
0
0
0
0
0
0
0
0
0
0
0
0
0
0
0
0
