-0.082267
-0.067762
-0.057401
-0.05
-0.045865
-0.04242
-0.039549
-0.037156
-0.035162
-0.0335
-0.032115
-0.030962
-0.03
-0.02875
-0.0275
-0.026389
-0.025278
-0.024167
-0.023056
-0.021944
-0.020833
-0.019722
-0.018611
-0.0175
-0.017
-0.0165
-0.016
-0.0155
-0.015
-0.014
-0.013
-0.012
-0.011
-0.01
-0.009
-0.008
-0.007
-0.006
-0.005
-0.004
-0.003
-0.002
-0.001
0
0.001
0.002
0.003
0.004
0.005
0.006
0.007
0.008
0.009
0.01
0.011
0.012
0.013
0.014
0.015
0.0155
0.016
0.0165
0.017
0.0175
0.018611
0.019722
0.020833
0.021944
0.023056
0.024167
0.025278
0.026389
0.0275
0.02875
0.03
0.030962
0.032115
0.0335
0.035162
0.037156
0.039549
0.04242
0.045865
0.05
0.057401
0.067762
0.082267
