-0.00466558
0.00290805
-0.0572832
0.00608532
0.0208222
0.0282071
-0.0491394
-0.0183667
-0.0867879
-0.0491232
-0.141595
-0.0470427
-0.123778
-0.0340408
-0.130394
-0.0486771
-0.0961555
-0.0179124
-0.188431
-0.0461147
-0.175378
-0.101846
-0.0157252
-0.0263199
-2.73075e-06
-0.010779
0.0263081
0.00992132
0.0406066
0.019512
0.020113
0.00409292
0.00936636
-0.00449155
0.0407302
0.0053999
0.0741648
0.0290342
0.0616611
0.0186978
0.0383243
0.0023673
0.0304985
-0.00653033
-0.012422
-0.00583658
-0.0272764
-0.0074852
0.052389
0.0113188
0.0385765
0.0202276
0.0423726
0.0129657
0.0279291
-0.00646955
0.0691007
0.0176867
0.0928988
0.028748
0.0994582
0.0204607
0.0598234
0.0133974
0.0696944
-0.00437302
-0.0216313
-0.0176057
0.0172128
0.0027657
-0.0266139
-0.00620629
-0.0329496
-0.00242417
-0.065566
-0.0171317
-0.0882808
-0.0257245
-0.111494
-0.0235905
-0.06652
-0.0165539
-0.11375
-0.0172734
-0.127948
-0.0354544
-0.104984
-0.0207906
-0.035157
0.0269209
-0.0257613
0.0174956
0.0264698
0.00119471
-0.0307528
-0.000150838
-0.0056376
-0.0080978
-0.0362695
-0.0179676
-0.037003
-0.00562476
-0.00562542
0.00275476
-0.0162382
-0.0154067
-0.0552723
-0.0120743
-0.0299767
-0.0167763
-0.0507816
-0.0177524
0.00742332
-0.0150165
0.068056
0.019095
0.0267274
0.0230969
0.0492088
0.000234642
0.0938608
0.0271914
0.0587272
0.0366041
0.135987
0.00718773
0.114552
0.0372363
0.0884668
0.0236105
0.11236
0.0073487
-0.0288664
0.0192972
-0.00824511
0.00421888
0.00698658
0.0045649
-0.0606676
-0.00502215
-0.00209246
-0.0107584
-0.0595146
0.00437389
-0.061922
-0.00568987
-0.0167125
-0.0187918
-0.0591864
-0.00679026
-0.0873032
-0.000243101
-0.0258928
-0.0263364
-0.031128
0.012836
0.029034
-0.00129626
-0.0164765
-0.0293112
-0.044034
0.0107771
-0.0484689
-0.0172459
-0.0677459
-0.0304326
-0.123862
-0.00148946
-0.0351095
-0.0292233
-0.104967
-0.0230611
-0.131039
-0.0219527
-0.070406
-0.020673
-0.0625414
0.0335946
-0.0305797
0.0133984
0.063518
0.00473409
0.0121591
0.0307104
0.073135
0.00386441
0.0302624
0.013551
0.0655972
0.0356467
0.116842
0.0167709
0.101489
0.0148501
0.0590856
0.0287167
0.0992011
0.0073171
-0.0314987
0.00698276
-0.00706734
-0.000757986
0.0106919
-0.00170788
0.0211254
0.0145526
-0.0159715
-0.00206823
0.0171647
0.0136042
-0.0122147
0.0283486
0.0603872
-0.0128861
0.0194214
0.013902
0.00127587
0.0150221
0.00907198
-0.0035395
-0.0155439
0.0434314
-0.0387842
0.0113899
0.0295856
-0.00513792
-0.0795853
7.95361e-05
-0.0806309
-0.0288853
-0.108096
-0.0033954
-0.112522
-0.00473839
-0.12327
-0.0471931
-0.10188
-0.0244856
-0.171414
-0.00795004
-0.144506
-0.0414073
-0.0157291
-0.0263097
-2.65339e-05
-0.0107364
0.0263229
0.00991249
0.0405852
0.0195182
0.0201571
0.00410244
0.00934001
-0.00449738
0.0407564
0.00540092
0.0741661
0.0290501
0.0616843
0.0186996
0.0383051
0.00236185
0.0305476
-0.00650966
-0.057109
-0.0155595
0.0222617
0.00132554
-0.00852106
0.00654124
0.0214497
0.0108484
-0.03431
-0.00738409
-0.0297633
-0.0195244
-0.0359464
-0.00876608
0.0114238
0.0152888
-0.0264513
0.00275001
-0.0187153
-0.0260024
-0.0581074
0.00907738
-0.0190506
0.00265166
-0.0223957
0.00387597
0.0167071
0.0132663
-0.0143606
-0.000558083
-0.0296493
-0.0168175
-0.0548206
-0.0191471
-0.0360761
-0.0105064
-0.0432418
-0.00484615
-0.0203571
-0.00878626
-0.0599262
-0.0119628
-0.071069
-0.0320199
-0.0153284
-0.00853634
0.00400703
-0.00212585
0.00346195
0.0137615
0.0480589
0.00700418
0.00875308
-0.000890083
0.0327508
0.0142163
0.0397911
0.0068641
0.0577505
0.00586738
0.0556194
0.0254371
0.0569284
0.00396748
0.0199348
-0.00258894
0.0231476
-0.00425323
-0.0133248
-0.0103034
0.00905871
0.00485878
0.00666425
-0.00114623
0.00645645
0.0104266
-0.0189962
-0.00191466
0.0343488
-0.000686071
-0.00455846
0.0144043
0.0142169
-0.00508518
0.00854408
0.00331306
-0.00221592
0.0034192
-0.0182994
-0.00882195
0.0160556
0.012376
-0.0443115
-0.00826339
0.0175388
-0.00288452
-0.0700195
-0.0090101
-0.0477597
-0.0173975
-0.0440147
-0.0087831
-0.0631318
-0.00935866
-0.0697449
-0.0181116
-0.0560875
-0.0227824
-0.0875127
0.00148468
0.0149771
-0.00131973
-0.03375
0.0117567
0.0104335
0.0136415
0.026824
-0.00847034
0.00975766
0.00787216
-0.0197024
0.00519197
0.0493712
-0.00510337
0.00123525
0.0200973
0.0356752
-0.00452
0.0254531
0.000528986
-0.0121582
0.00835294
-0.000468807
-0.00382597
-0.0114908
0.00472408
-0.00381685
0.010264
0.0556659
-0.00212243
-0.0157353
0.016074
0.0371843
0.0104056
0.0416637
0.00717903
0.0293843
0.0146093
0.054921
0.0142572
0.056574
0.000823056
-0.00444074
0.0202602
0.0147286
-0.00677108
-0.0109629
-0.00439562
-0.00398436
0.00934164
-0.0166775
-0.0198957
-0.0413222
-0.00385701
-0.0603738
0.00704613
-0.0176723
-0.0237327
-0.0776999
-0.00348502
-0.0432361
-0.015096
-0.0529842
-0.0100314
-0.0840622
-0.00737808
-0.0211889
-0.0182891
0.010293
0.0142943
-0.0212989
0.00733375
0.0254519
-0.0211024
-0.0298736
0.0103192
-0.0286661
-0.00189288
-0.014758
-0.0081764
-0.00239076
0.00316605
-0.0276576
-0.00720792
-0.0190978
-0.0162135
-0.0353533
0.0189287
-0.0350367
0.0171999
-0.021788
0.0187712
0.0102996
0.00945582
0.0299854
0.0069891
0.0338542
0.018104
-0.00802689
0.0148491
0.0566253
0.00807472
0.054024
0.0366487
0.0624527
-0.00329103
0.0367459
0.00988934
0.0225459
0.0304742
-0.01239
-0.00583027
-0.0272515
-0.00758358
0.0523877
0.0113323
0.0385762
0.0202143
0.042333
0.0129791
0.0279372
-0.00648582
0.0690811
0.0176935
0.092873
0.0287169
0.0994359
0.0204871
0.0598161
0.0133851
0.0696545
-0.00439217
-0.0190765
0.00264978
-0.0223939
0.00392883
0.0166892
0.0132483
-0.0143434
-0.000542074
-0.0296502
-0.0168254
-0.0548063
-0.0191343
-0.0360847
-0.010524
-0.0432127
-0.00481963
-0.0203687
-0.00880292
-0.0599046
-0.0119469
-0.0710682
-0.0320285
0.0406002
-0.0217018
0.00333907
-0.0123549
-0.0211349
-0.0024648
-0.0357071
-0.000880818
-0.0385021
0.00125118
-0.0478609
-0.000627465
-0.0610343
0.000707434
-0.0678791
-0.00022427
-0.0751717
-0.00159511
-0.0732687
0.00231082
-0.0677588
0.00447474
-0.0139167
0.00171285
-0.00791023
0.00882076
-0.00410642
0.0036081
-0.000630371
0.0114544
0.00882889
0.0179614
0.0119962
0.0222365
0.00935867
0.0251559
0.011927
0.0265823
0.0106986
0.0287569
0.0126671
0.0311311
0.018018
0.0324466
-0.0108598
-0.0154251
0.000899265
0.00402757
-0.00762264
0.00730231
-0.0176485
0.0140235
-0.00989957
0.0191351
-0.0106665
0.0238061
-0.0205914
0.0268516
-0.0177733
0.0279932
-0.0215482
0.0313547
-0.0211917
0.0340605
-0.014484
0.0341713
0.0452234
0.0333089
-0.0399426
0.00388343
-0.0224509
0.00338084
-0.0427745
0.0090109
-0.0414405
0.0109296
-0.0512866
0.0162925
-0.0700487
0.0189865
-0.0704232
0.0180374
-0.0785246
0.0240843
-0.0813134
0.0260004
-0.073766
0.0232987
0.00818325
-0.0276368
0.0211969
-0.0206787
-0.00148795
0.00980329
-0.0103337
0.0202281
0.00296531
0.0241089
0.000999863
0.0316388
-0.00770151
0.037679
0.00208529
0.0383149
-0.00447712
0.0447901
-0.00503939
0.0465797
0.00547251
0.0430513
-0.0319606
-0.0120285
-0.00869522
0.0185107
-0.00289757
0.0125136
-0.00479497
0.0279605
0.013004
0.0317218
0.0144819
0.0386675
0.00939877
0.0480978
0.0211947
0.0488433
0.0155845
0.0545453
0.0160759
0.0571982
0.0282274
0.0542893
0.025111
0.00640847
-0.0163975
-0.00124738
-0.0207541
0.00710616
-0.0363264
0.0199951
-0.0325014
0.0207054
-0.0407779
0.0261061
-0.0554681
0.0343309
-0.0550861
0.0335617
-0.06342
0.0396136
-0.0635216
0.0426649
-0.0549234
0.0389755
-0.00514005
-0.00385743
-0.0101014
0.0178475
-0.0125653
0.0123464
-0.0224263
0.024816
-0.01703
0.026241
-0.0164126
0.033688
-0.0280096
0.0421333
-0.0275458
0.0416536
-0.0297501
0.0497615
-0.0287131
0.0520512
-0.0220075
0.0467986
0.0409958
-0.00816412
-0.0267774
-0.0233552
-0.0108284
0.0191724
-0.00548383
0.0368386
0.0106462
0.0400807
0.0225914
0.0499588
0.0187398
0.0595198
0.0232535
0.0592826
0.0281268
0.0684374
0.0281617
0.0697977
0.0295993
0.0633603
-0.021636
-0.0176157
0.0171837
0.00282086
-0.0265914
-0.00622252
-0.0329562
-0.00240824
-0.0655609
-0.0171558
-0.0882717
-0.0257095
-0.111473
-0.0236063
-0.0665318
-0.016551
-0.113726
-0.0172835
-0.127942
-0.0354416
-0.104974
-0.0208174
-0.0153288
-0.00852721
0.00400827
-0.00213713
0.003465
0.013778
0.0480429
0.00698496
0.00877087
-0.000872197
0.0327303
0.0142004
0.0398035
0.00687314
0.0577368
0.00585606
0.0556258
0.025451
0.0569091
0.00394555
0.0199532
-0.00256822
-0.0138749
0.0017047
-0.00790936
0.00878307
-0.00411353
0.0036086
-0.000641804
0.0114543
0.00881286
0.0179569
0.01198
0.022231
0.00933859
0.0251502
0.0119037
0.0265719
0.0106764
0.0287481
0.0126432
0.0311221
0.017992
0.0324343
-0.00369637
0.0166974
-0.0207484
-0.00952331
0.0162539
0.00907079
0.0328105
0.0189601
0.0420499
0.0277642
0.0525439
0.0357183
0.0640071
0.0419185
0.0695956
0.0472274
0.0753967
0.0506077
0.0774972
0.05206
0.0756802
0.0524893
-0.023381
-0.0276999
0.0231609
-0.0023406
0.0104887
0.0122042
0.0171219
0.0202409
0.0212718
0.0283454
0.0269011
0.0352151
0.0334791
0.0412913
0.036282
0.0465065
0.0395072
0.0495261
0.0408454
0.0514527
0.0397916
0.0524244
-0.00720204
-0.00981922
0.00377142
-0.00136572
-0.00374889
0.00630158
-0.00277008
0.01334
-0.00825637
0.0205658
-0.0103941
0.0263036
-0.00998301
0.0314957
-0.0135965
0.0365602
-0.0136073
0.0390104
-0.014342
0.0408852
-0.0170044
0.0422725
-0.0607083
0.00394621
0.00332295
0.0139447
0.0151467
0.0111606
0.0232444
0.0203676
0.0262758
0.0305705
0.0325757
0.0384885
0.0400716
0.0450385
0.0417139
0.0514947
0.0459137
0.0545625
0.0474064
0.0567716
0.0450725
0.0585031
-0.0112074
0.000616246
-0.00710409
-0.00233558
0.0116458
0.0137872
0.0253111
0.0243637
0.0320625
0.0360956
0.0413408
0.0450707
0.0509349
0.0519444
0.0543472
0.0589939
0.0598496
0.0624231
0.0619148
0.0648257
0.0596973
0.0667776
0.0112229
-0.00144688
0.00195667
-0.0225015
-0.00170987
0.00650892
0.000314302
0.0160549
-0.00396521
0.026343
-0.00540748
0.0338785
-0.00462895
0.0393676
-0.00746483
0.045716
-0.00718625
0.0486511
-0.00797563
0.050916
-0.0106041
0.0530323
-0.043759
-0.0106025
0.0102395
0.00643046
0.0062634
0.0130297
0.0103803
0.0215188
0.0108129
0.032579
0.0125402
0.0407025
0.0168612
0.0469525
0.0175557
0.0540168
0.0189719
0.0570459
0.0196783
0.0595897
0.0185244
0.0620352
-0.0260831
0.00454743
-0.0223844
0.0178552
0.0062971
0.0204335
0.0227039
0.0320894
0.0329298
0.0453377
0.0422935
0.0549556
0.0532391
0.0624355
0.0593387
0.0702717
0.0635292
0.0734486
0.0653582
0.0761014
0.0645632
0.0786426
-0.035154
0.0269348
-0.0257575
0.0174768
0.0264609
0.00121286
-0.0307443
-0.000150805
-0.00563199
-0.00808354
-0.0362524
-0.0179852
-0.0370095
-0.00558419
-0.00559845
0.00275337
-0.0162405
-0.0153946
-0.0552562
-0.0120726
-0.029963
-0.0167465
0.0231461
-0.0042775
-0.0132937
-0.0103301
0.0090444
0.00485181
0.00667276
-0.00113742
0.00643948
0.0104108
-0.0189859
-0.00189853
0.0343322
-0.000706122
-0.00455026
0.0144221
0.0141936
-0.00510449
0.00855403
0.00332521
-0.00223513
0.00340727
-0.01088
-0.0154101
0.000868158
0.00410822
-0.0076285
0.00729705
-0.017659
0.0140148
-0.00991294
0.0191184
-0.0106832
0.0237841
-0.0206115
0.0268277
-0.0177932
0.027964
-0.021571
0.0313235
-0.0212161
0.0340291
-0.014507
0.0341379
-0.0233685
-0.0276922
0.0231752
-0.00238334
0.0104912
0.012192
0.0171273
0.0202221
0.0212786
0.0283222
0.0269088
0.0351875
0.0334881
0.041259
0.0362911
0.046472
0.0395169
0.049489
0.0408556
0.0514141
0.0398016
0.0523863
-0.0132219
0.0120239
-0.0252969
0.0242176
-0.00421535
0.0139717
-0.000504026
0.022986
0.00438156
0.030355
0.0074081
0.0368976
0.00880465
0.0423873
0.0112802
0.0465369
0.0120149
0.049979
0.012715
0.0520591
0.0138876
0.0525837
0.0349934
-0.0126782
-0.0176611
-0.0148623
-0.0144995
0.00963168
-0.0163773
0.0173644
-0.0185717
0.0238139
-0.0217838
0.0295829
-0.0252606
0.0344621
-0.027403
0.038239
-0.0295583
0.0413435
-0.0307246
0.0432242
-0.0306261
0.0437169
0.00563275
-0.00929531
-0.0134011
0.00268299
-0.00188488
0.0145239
0.00514643
0.0247203
0.0117719
0.0330807
0.0161672
0.0405965
0.0189833
0.0469564
0.0221882
0.0516859
0.0235548
0.055563
0.0245827
0.0578423
0.0256687
0.058352
0.0178788
-0.0374697
-0.00209237
0.00236773
-0.00321288
0.0196409
0.00665917
0.0297586
0.0162587
0.0386855
0.0233922
0.0468711
0.0285754
0.0538896
0.0335428
0.0590392
0.0362398
0.0632402
0.0380729
0.0657097
0.0393841
0.0662367
-0.0321436
0.000120106
-0.0214475
0.0303758
-0.00909961
0.0141065
-0.0114457
0.0227912
-0.0121553
0.0304119
-0.0137277
0.0374689
-0.0159001
0.0436157
-0.0168594
0.0480553
-0.0182243
0.051853
-0.0189076
0.054085
-0.0185639
0.0544843
0.00739037
-0.0204383
-0.00665337
-0.00637059
-0.00585443
0.0182142
-0.00338618
0.0287798
-0.000166358
0.0371642
0.0020819
0.0449202
0.00306356
0.0516674
0.00448823
0.0565637
0.00521447
0.0607573
0.00582468
0.0631888
0.00648583
0.0636112
-0.010523
-0.0133057
-0.0073108
0.0101044
-0.00365678
0.0260683
0.00640734
0.0386953
0.0168101
0.0488999
0.0256657
0.0581455
0.0321795
0.065989
0.0378411
0.0716185
0.0415517
0.0762804
0.0436754
0.0789186
0.044699
0.0793795
-0.0507869
-0.0177591
0.00740719
-0.0149579
0.0680512
0.0190688
0.0267086
0.0231218
0.0492131
0.000213077
0.0938397
0.0271935
0.0587179
0.0365896
0.135971
0.00719282
0.114538
0.0372156
0.0884343
0.023616
0.112368
0.0073253
-0.0182758
-0.0088082
0.0160369
0.0123589
-0.0442974
-0.00824075
0.0175335
-0.00290338
-0.070012
-0.00899453
-0.0477637
-0.0174036
-0.0439855
-0.0087702
-0.0631568
-0.00937119
-0.0697174
-0.0180886
-0.0560869
-0.0227964
-0.0875061
0.00150463
0.0452273
0.0332922
-0.0399213
0.00385066
-0.0224507
0.00338
-0.0427782
0.00901144
-0.0414435
0.010926
-0.0512922
0.016286
-0.0700565
0.0189816
-0.0704272
0.0180285
-0.0785319
0.0240751
-0.081322
0.0259915
-0.073771
0.0232878
-0.0072134
-0.00979764
0.0037739
-0.0013782
-0.00373787
0.00629431
-0.00275383
0.0133334
-0.00823647
0.0205604
-0.0103699
0.0262986
-0.00995489
0.0314902
-0.0135666
0.0365554
-0.0135748
0.0390054
-0.014308
0.04088
-0.0169708
0.0422679
0.0349601
-0.0126781
-0.0176653
-0.0148239
-0.0144923
0.00964216
-0.0163681
0.017384
-0.018559
0.0238412
-0.0217681
0.029617
-0.0252423
0.0345022
-0.0273822
0.0382833
-0.029536
0.0413911
-0.0307013
0.0432738
-0.0306022
0.0437668
-0.0238772
-0.00612922
0.0146991
0.0106505
-0.0114105
0.00621188
-0.0232029
0.0119954
-0.0331407
0.0181523
-0.0413053
0.0235547
-0.0480215
0.0281382
-0.0540034
0.0319642
-0.0580738
0.0346465
-0.0606959
0.0363582
-0.0619177
0.0370449
-0.0224494
0.00875641
-0.00450093
0.0069883
-0.00162906
0.00908577
-0.00287887
0.0185027
-0.00385974
0.0268229
-0.00464752
0.0339502
-0.00535927
0.0399124
-0.00628698
0.0447375
-0.00690801
0.0481836
-0.00739793
0.0503207
-0.00772432
0.0511038
-0.00774332
-0.00234648
-0.0128897
-0.00502951
-0.00458769
0.0120857
-0.0016164
0.0229243
0.000773907
0.0322564
0.00305334
0.0401987
0.00499138
0.0468051
0.00608907
0.052171
0.006981
0.0559544
0.00739015
0.0583006
0.0073149
0.0591851
0.0033075
0.00101123
0.0066537
-0.0134011
-0.0103495
0.00663997
-0.0156656
0.0162024
-0.0209242
0.0247907
-0.0256719
0.0320718
-0.0297773
0.0380957
-0.0334837
0.043015
-0.036169
0.046476
-0.0379324
0.0486378
-0.0387001
0.0494727
0.0329749
-0.000806086
-0.0238197
-0.0037545
-0.0140167
0.0117088
-0.0108419
0.0225641
-0.0107434
0.0319491
-0.0115051
0.0398968
-0.0124185
0.0465006
-0.0135901
0.0519066
-0.0144548
0.0557123
-0.0150527
0.0580936
-0.0153881
0.0590128
-0.0406721
-0.00176268
-0.0249486
0.0266508
-0.0103592
0.0209256
-0.00352552
0.0320392
0.00231559
0.0429504
0.00712305
0.0522845
0.011056
0.0599712
0.0137428
0.0661585
0.015566
0.0704696
0.0165241
0.0731327
0.0167026
0.0741431
-0.028867
0.0193025
-0.00819972
0.0041295
0.00699732
0.00456171
-0.06068
-0.00503751
-0.00208905
-0.0107369
-0.0594998
0.00434918
-0.0619397
-0.00568423
-0.0166874
-0.0188157
-0.0592042
-0.00677253
-0.0873009
-0.000255367
-0.0258788
-0.0263484
0.0149575
-0.00132054
-0.0337514
0.0118034
0.0104124
0.0136346
0.0268419
-0.00846455
0.00974054
0.0078614
-0.0196877
0.00521025
0.049364
-0.00513034
0.00123968
0.0201177
0.0356622
-0.00453493
0.0254755
0.000538931
-0.0121835
0.008338
0.00819562
-0.0276502
0.021192
-0.0206679
-0.00149415
0.00980702
-0.0103473
0.0202326
0.00295297
0.0241081
0.000983336
0.0316363
-0.00772343
0.0376776
0.00206722
0.0383092
-0.00449975
0.0447849
-0.00506434
0.0465749
0.00545166
0.0430433
-0.0607186
0.00395676
0.00330451
0.0139793
0.0151488
0.0111606
0.0232508
0.0203668
0.0262836
0.0305711
0.0325858
0.0384898
0.040084
0.0450397
0.0417261
0.0514973
0.0459275
0.054565
0.0474211
0.0567742
0.0450863
0.0585066
0.00567389
-0.00935023
-0.0133794
0.00262392
-0.00189038
0.0145446
0.00514219
0.0247509
0.0117686
0.0331201
0.0161643
0.040644
0.0189806
0.047011
0.0221861
0.0517459
0.0235528
0.0556273
0.0245807
0.0579091
0.025667
0.0584194
-0.0224521
0.00874336
-0.00451883
0.00703634
-0.00163794
0.0090971
-0.00289235
0.0185138
-0.0038772
0.0268346
-0.00466834
0.0339628
-0.00538288
0.0399261
-0.00631301
0.0447522
-0.00693569
0.0481991
-0.00742662
0.0503367
-0.00775345
0.05112
0.0188212
-0.0275216
-0.00088261
-0.0205754
0.00299931
0.0140197
0.0127933
0.0249053
0.0195726
0.0344931
0.0246195
0.0428707
0.0284651
0.0499109
0.0315057
0.0554716
0.0335096
0.0595889
0.0347017
0.0620992
0.0351809
0.0629155
-0.0220585
-0.00584488
-0.0183881
0.019688
0.00231815
0.0179891
0.0124035
0.0292184
0.0209091
0.039437
0.0280252
0.0483746
0.0337973
0.0558874
0.0383117
0.061848
0.0414655
0.0662272
0.0433395
0.0689038
0.0439868
0.0697938
-0.0253252
-0.00687422
0.0048909
0.00179994
0.00236504
0.0120148
0.00242331
0.0226332
0.00280923
0.0322624
0.00295553
0.0406588
0.0028628
0.047702
0.00271693
0.0532694
0.00246381
0.0573757
0.0022623
0.0598845
0.00222111
0.0607102
-0.0238567
-0.00253553
-0.0126769
0.0125086
0.00170875
0.0176312
0.00698185
0.0294217
0.0111439
0.0396638
0.0144141
0.0485778
0.016909
0.0560813
0.0188195
0.062033
0.0201051
0.0664298
0.0208553
0.0691183
0.0211278
0.0700036
-0.040048
-0.0201926
0.0179438
-0.0103954
0.00537774
0.0247363
0.0123459
0.0382467
0.0207404
0.050078
0.028635
0.0603084
0.0353068
0.0688372
0.0406011
0.0755425
0.044331
0.0804514
0.0465354
0.0834326
0.0472863
0.084411
-0.0311349
0.0128365
0.0290078
-0.00124387
-0.0164564
-0.0293313
-0.0440508
0.0108156
-0.0484538
-0.0172616
-0.067731
-0.0304096
-0.123853
-0.00148273
-0.0351013
-0.0292064
-0.104945
-0.0230561
-0.131041
-0.0219199
-0.0703682
-0.0206824
-0.000447497
-0.0038138
-0.011501
0.00471065
-0.00382038
0.0102788
0.0556641
-0.0021431
-0.0157292
0.0160918
0.0371594
0.0103849
0.0416853
0.00718532
0.0293575
0.0145986
0.054926
0.0142657
0.0565569
0.000796214
-0.00443316
0.0202826
-0.0319341
-0.0120396
-0.00868427
0.0184767
-0.00290196
0.0125078
-0.0048098
0.0279525
0.012988
0.0317051
0.0144619
0.0386468
0.0093714
0.0480764
0.0211696
0.048814
0.0155556
0.0545165
0.0160439
0.057169
0.0281985
0.0542555
-0.011235
0.000641704
-0.00708818
-0.00234496
0.011653
0.0137703
0.0253191
0.024341
0.0320697
0.0360695
0.0413485
0.0450404
0.050944
0.0519097
0.0543552
0.0589575
0.0598585
0.0623841
0.0619242
0.0647852
0.0597058
0.0667378
0.0178779
-0.0374478
-0.00211559
0.00239574
-0.00321521
0.0196415
0.00665601
0.0297635
0.0162547
0.0386931
0.023387
0.0468813
0.0285689
0.0539021
0.0335359
0.0590529
0.0362322
0.0632553
0.0380649
0.0657255
0.0393763
0.0662525
-0.00774374
-0.00233095
-0.0128861
-0.00503503
-0.00459276
0.012073
-0.00162805
0.0229041
0.000756443
0.0322298
0.00303085
0.0401664
0.00496466
0.0467678
0.00605879
0.05213
0.00694822
0.0559106
0.00735583
0.0582552
0.00727998
0.0591392
-0.0220489
-0.00581224
-0.018371
0.0196354
0.00232154
0.0179625
0.0124063
0.0291841
0.0209105
0.0393948
0.0280251
0.048325
0.033796
0.0558314
0.0383093
0.0617868
0.0414623
0.066162
0.0433357
0.0688363
0.0439829
0.0697254
-0.00176255
-0.0184077
-0.00318913
0.00771568
-0.00182224
0.0211205
0.00880613
0.0332363
0.0193308
0.0440862
0.0285686
0.0534919
0.0362299
0.0613845
0.0421538
0.0676918
0.0463867
0.0722836
0.0488916
0.0751009
0.0496903
0.0760678
0.00392434
-0.0165192
-0.00786872
-0.0126888
-0.00556069
0.0144925
-0.000631744
0.0266443
0.00322311
0.0371151
0.00629762
0.0461491
0.00864156
0.0537056
0.0103082
0.0597201
0.0114029
0.0641005
0.0119972
0.0667849
0.0121699
0.0677013
-0.00331782
-0.0226779
-0.0224001
0.0144658
-0.00766494
0.0225381
0.00207865
0.0340771
0.00967021
0.0448474
0.0156932
0.0542843
0.0204351
0.0622192
0.0239953
0.0685581
0.0264795
0.0731811
0.0279271
0.0760178
0.0283857
0.0769881
0.005621
0.00311102
-0.0308964
0.0178227
-0.0103142
0.0279551
0.00367268
0.0424604
0.0158742
0.0549334
0.0263649
0.0656277
0.0350242
0.0745331
0.0417402
0.0815948
0.0465082
0.0867166
0.0493309
0.0898442
0.0502493
0.090909
-0.0625495
0.0336031
-0.0305722
0.0133774
0.06352
0.00475808
0.012142
0.0307003
0.073127
0.00386019
0.0302744
0.0135259
0.065569
0.035677
0.116839
0.0167389
0.10147
0.0148535
0.0590826
0.0287064
0.0991806
0.00731162
0.0147276
-0.00680184
-0.010928
-0.00441645
-0.00400669
0.00933711
-0.0166546
-0.0198886
-0.0413351
-0.00386474
-0.0603633
0.00706944
-0.0176705
-0.0237539
-0.0776876
-0.00345284
-0.0432518
-0.015112
-0.0529573
-0.0100161
-0.084078
-0.00737402
0.0251038
0.00643473
-0.0164393
-0.0011772
-0.0207567
0.00710564
-0.0363349
0.0199962
-0.0325086
0.0206986
-0.0407862
0.026098
-0.0554812
0.0343238
-0.0550958
0.0335471
-0.0634316
0.0396011
-0.0635355
0.0426529
-0.054935
0.0389581
0.011216
-0.00144128
0.00198007
-0.0225444
-0.00169966
0.00650035
0.00032991
0.0160427
-0.00394609
0.0263298
-0.0053844
0.033863
-0.00460154
0.0393492
-0.00743591
0.0456975
-0.0071549
0.0486307
-0.00794264
0.0508946
-0.0105716
0.0530122
-0.0321402
9.72026e-05
-0.0214494
0.0303838
-0.00909767
0.0141195
-0.0114408
0.0228106
-0.0121471
0.0304363
-0.0137167
0.0374978
-0.0158869
0.0436488
-0.0168439
0.0480912
-0.0182074
0.0518913
-0.01889
0.0541248
-0.0185458
0.0545242
0.00331283
0.00099027
0.00667509
-0.0134271
-0.0103515
0.00663966
-0.0156693
0.0161971
-0.0209291
0.0247813
-0.0256775
0.0320588
-0.0297835
0.0380795
-0.0334904
0.0429965
-0.0361761
0.0464557
-0.0379396
0.0486164
-0.0387074
0.049451
-0.0253605
-0.00682792
0.00486198
0.00185899
0.00237238
0.0120027
0.00243457
0.0226153
0.00282395
0.0322388
0.00297326
0.0406297
0.00288308
0.0476682
0.0027393
0.0532315
0.00248768
0.0573349
0.0022871
0.0598419
0.00224624
0.060667
0.00394895
-0.0165555
-0.00786244
-0.0127117
-0.00555921
0.0145075
-0.000624254
0.0266624
0.0032357
0.0371358
0.00631482
0.0461721
0.00866275
0.0537304
0.0103327
0.0597463
0.0114298
0.0641278
0.0120255
0.0668128
0.0121987
0.0677294
-0.0218173
0.0367908
-0.0243742
0.0126881
-0.00544948
0.00764702
-0.0062655
0.0199326
-0.00826536
0.0304483
-0.0105827
0.0394509
-0.0128755
0.0469239
-0.0149135
0.0528216
-0.016541
0.0571102
-0.0176011
0.0597284
-0.0179705
0.0606133
-0.0112858
-0.020293
0.00761591
-0.00308545
-0.00317032
0.0159557
-0.00195621
0.0277161
-0.00101029
0.0386184
-0.000558839
0.048054
-0.000464244
0.0559127
-0.000578938
0.0621336
-0.000784976
0.0666621
-0.000973894
0.0694299
-0.00105332
0.0703673
-0.0167884
0.00515951
-0.023957
0.000844921
-0.0110631
0.0212004
-0.00330709
0.0361442
0.0030063
0.0486694
0.00811986
0.0592961
0.0121208
0.0680828
0.0150991
0.0750039
0.0171242
0.0800226
0.0182807
0.0830792
0.0186517
0.0841106
-0.0315056
0.0069946
-0.00708989
-0.000709877
0.0107032
-0.00174711
0.0211059
0.0145873
-0.0159627
-0.00210367
0.017163
0.0136079
-0.0122211
0.0283396
0.0603833
-0.0128955
0.0194217
0.0138846
0.0012512
0.0150337
0.00909795
-0.00358025
-0.0211747
-0.0182839
0.0102827
0.0142829
-0.0212896
0.00735949
0.0254407
-0.0211326
-0.0298624
0.010346
-0.0286748
-0.00190475
-0.0147383
-0.00817165
-0.00241013
0.00316249
-0.0276391
-0.00719103
-0.0191083
-0.0162367
-0.0353378
0.0189593
-0.00512186
-0.00389331
-0.0100849
0.0178271
-0.0125704
0.01235
-0.0224372
0.0248236
-0.017041
0.0262418
-0.0164263
0.0336896
-0.0280275
0.0421385
-0.0275607
0.041652
-0.0297681
0.0497633
-0.0287333
0.0520542
-0.0220246
0.0467955
-0.0437639
-0.0106015
0.0102399
0.00642926
0.00626881
0.013028
0.0103912
0.0215162
0.010827
0.0325793
0.0125575
0.0407039
0.0168818
0.046954
0.0175772
0.0540209
0.0189953
0.0570499
0.019703
0.0595938
0.0185485
0.0620409
0.00738502
-0.0204525
-0.00667505
-0.00632739
-0.00585646
0.0182356
-0.00338634
0.0288119
-0.000164557
0.0372058
0.00208524
0.044971
0.00306804
0.0517265
0.0044941
0.0566287
0.00522099
0.0608272
0.0058316
0.0632615
0.00649314
0.0636844
0.0329998
-0.000813288
-0.0238334
-0.00375103
-0.0140252
0.0117153
-0.0108518
0.0225717
-0.0107555
0.0319579
-0.0115193
0.0399068
-0.0124345
0.0465119
-0.0136077
0.0519192
-0.0144734
0.0557257
-0.0150719
0.0581076
-0.0154077
0.059027
-0.0238545
-0.0025468
-0.0126546
0.0124747
0.00171403
0.0176284
0.00698802
0.0294176
0.0111514
0.039659
0.014423
0.0485726
0.0169191
0.0560759
0.0188305
0.0620274
0.0201169
0.066424
0.0208675
0.0691125
0.0211402
0.0699977
-0.00332398
-0.0227205
-0.0223964
0.0144847
-0.00766527
0.022562
0.00208042
0.0341092
0.00967494
0.0448875
0.0157008
0.0543319
0.0204453
0.0622735
0.0240076
0.0686178
0.0264934
0.0732448
0.0279419
0.076084
0.0284008
0.0770551
-0.0112984
-0.0202889
0.00760049
-0.00304924
-0.00317411
0.0159637
-0.00196234
0.0277292
-0.00101833
0.038637
-0.000568578
0.048078
-0.000475445
0.0559415
-0.000591326
0.0621664
-0.000798243
0.0666979
-0.0009877
0.0694676
-0.0010673
0.0704055
-0.0159516
-0.0233139
0.000718738
0.00493971
6.03645e-05
0.0230825
0.00258205
0.0361865
0.00555109
0.0474587
0.00829891
0.0571627
0.0105331
0.0652774
0.0121916
0.071732
0.0133047
0.0764412
0.0139244
0.0793253
0.0141141
0.0803046
-0.0295953
0.0104694
-0.0387519
0.0231787
-0.0124492
0.0309403
-0.00158888
0.0453711
0.00755189
0.0577728
0.0151631
0.0684726
0.0213007
0.0774143
0.0259917
0.0845118
0.0292758
0.089679
0.0312017
0.0928356
0.0318284
0.0939041
-0.0155256
0.0434437
-0.0387431
0.0112931
0.0295805
-0.00512416
-0.0795759
8.8441e-05
-0.0806272
-0.0288609
-0.108084
-0.00340678
-0.112515
-0.00470313
-0.12324
-0.0472062
-0.101889
-0.0244446
-0.17139
-0.00793468
-0.144487
-0.041406
-0.0350534
0.0171865
-0.0217916
0.0188246
0.0102797
0.00944397
0.0299989
0.00699109
0.0338341
0.0180945
-0.00801665
0.0148617
0.056615
0.00803866
0.0540197
0.0366738
0.062434
-0.00331341
0.0367642
0.00989017
0.0225102
0.0304612
0.0410015
-0.00813986
-0.0267798
-0.0233673
-0.0108345
0.0191659
-0.0054971
0.0368359
0.0106295
0.0400687
0.0225692
0.0499457
0.0187127
0.0595086
0.0232276
0.0592628
0.0280961
0.0684197
0.0281291
0.0697806
0.0295694
0.0633371
-0.0260987
0.00459305
-0.0224004
0.0178715
0.00630353
0.020417
0.0227121
0.0320705
0.032938
0.0453187
0.0423023
0.0549342
0.0532488
0.0624112
0.0593476
0.0702476
0.0635389
0.0734224
0.0653684
0.0760742
0.0645726
0.0786168
-0.0105189
-0.0133401
-0.00726404
0.0100386
-0.00365477
0.026073
0.00640514
0.0387065
0.0168061
0.0489162
0.0256602
0.0581665
0.0321727
0.0660141
0.0378337
0.0716462
0.0415436
0.0763105
0.0436669
0.0789501
0.0446905
0.0794111
-0.0406791
-0.00173344
-0.0249639
0.0266746
-0.0103661
0.0209124
-0.0035378
0.0320216
0.00229782
0.0429285
0.00710026
0.0522583
0.0110289
0.0599412
0.013712
0.0661257
0.0155326
0.0704345
0.0164892
0.0730963
0.0166671
0.0741064
-0.0400631
-0.0201522
0.0179504
-0.0104107
0.00538321
0.0247118
0.0123497
0.0382149
0.0207427
0.0500389
0.0286358
0.0602624
0.0353062
0.0687853
0.0405995
0.0754856
0.0443285
0.0803908
0.0465324
0.0833698
0.0472832
0.0843474
0.0056209
0.00313193
-0.0309207
0.0178485
-0.0103162
0.0279553
0.00367217
0.0424623
0.015874
0.0549363
0.0263648
0.0656311
0.0350242
0.0745368
0.0417402
0.0815987
0.0465082
0.0867206
0.0493309
0.0898482
0.0502493
0.0909131
-0.0167445
0.00516088
-0.0239332
0.000764235
-0.011067
0.0211839
-0.00331464
0.0361259
0.00299401
0.0486488
0.00810298
0.0592731
0.0120999
0.0680578
0.0150748
0.0749772
0.0170975
0.0799946
0.0182525
0.0830505
0.0186229
0.0840817
-0.0296394
0.010512
-0.038749
0.0231991
-0.012444
0.0309179
-0.00158893
0.0453397
0.00754824
0.0577328
0.0151564
0.0684245
0.0212914
0.077359
0.0259802
0.0844506
0.0292627
0.0896133
0.0311876
0.0927672
0.0318141
0.0938348
0.0166552
-0.0280614
-0.0291273
0.0204513
-0.0284704
0.0428526
-0.00788549
0.0552579
0.00814773
0.0682162
0.0208942
0.0797465
0.0309906
0.089444
0.038701
0.0971461
0.0441302
0.10275
0.0473431
0.106168
0.0484002
0.107323
