5740
0 	0
1 	0
2.05 	0
3.1525 	0
4.31013 	0
5.52563 	0
6.80191 	0
8.14201 	0
9.54911 	0
11.0266 	0
12.5779 	0
14.2068 	0
15.9171 	0
17.713 	0
19.5986 	0
21.5786 	0
23.6575 	0
25.8404 	0
28.1324 	0
30.539 	0
33.066 	0
35.7193 	0
38.5052 	0
41.4305 	0
44.502 	0
47.7271 	0
51.1135 	0
54.6691 	0
58.4026 	0
62.3227 	0
66.4388 	0
70.7608 	0
75.2988 	0
80.0638 	0
85.067 	0
90.3203 	0
95.8363 	0
101.628 	0
107.71 	0
114.095 	0
120.8 	0
127.84 	0
135.232 	0
142.993 	0
151.143 	0
159.7 	0
168.685 	0
178.119 	0
188.025 	0
198.427 	0
209.348 	0
220.815 	0
232.856 	0
245.499 	0
258.774 	0
272.713 	0
287.348 	0
302.716 	0
318.851 	0
335.794 	0
353.584 	0
372.263 	0
391.876 	0
412.47 	0
434.093 	0
456.798 	0
480.638 	0
505.67 	0
531.953 	0
559.551 	0
588.529 	0
618.955 	0
650.903 	0
684.448 	0
719.67 	0
756.654 	0
795.486 	0
836.261 	0
879.074 	0
924.027 	0
971.229 	0
1000 	0
0 	1
1 	1
2.05 	1
3.1525 	1
4.31013 	1
5.52563 	1
6.80191 	1
8.14201 	1
9.54911 	1
11.0266 	1
12.5779 	1
14.2068 	1
15.9171 	1
17.713 	1
19.5986 	1
21.5786 	1
23.6575 	1
25.8404 	1
28.1324 	1
30.539 	1
33.066 	1
35.7193 	1
38.5052 	1
41.4305 	1
44.502 	1
47.7271 	1
51.1135 	1
54.6691 	1
58.4026 	1
62.3227 	1
66.4388 	1
70.7608 	1
75.2988 	1
80.0638 	1
85.067 	1
90.3203 	1
95.8363 	1
101.628 	1
107.71 	1
114.095 	1
120.8 	1
127.84 	1
135.232 	1
142.993 	1
151.143 	1
159.7 	1
168.685 	1
178.119 	1
188.025 	1
198.427 	1
209.348 	1
220.815 	1
232.856 	1
245.499 	1
258.774 	1
272.713 	1
287.348 	1
302.716 	1
318.851 	1
335.794 	1
353.584 	1
372.263 	1
391.876 	1
412.47 	1
434.093 	1
456.798 	1
480.638 	1
505.67 	1
531.953 	1
559.551 	1
588.529 	1
618.955 	1
650.903 	1
684.448 	1
719.67 	1
756.654 	1
795.486 	1
836.261 	1
879.074 	1
924.027 	1
971.229 	1
1000 	1
0 	2.05
1 	2.05
2.05 	2.05
3.1525 	2.05
4.31013 	2.05
5.52563 	2.05
6.80191 	2.05
8.14201 	2.05
9.54911 	2.05
11.0266 	2.05
12.5779 	2.05
14.2068 	2.05
15.9171 	2.05
17.713 	2.05
19.5986 	2.05
21.5786 	2.05
23.6575 	2.05
25.8404 	2.05
28.1324 	2.05
30.539 	2.05
33.066 	2.05
35.7193 	2.05
38.5052 	2.05
41.4305 	2.05
44.502 	2.05
47.7271 	2.05
51.1135 	2.05
54.6691 	2.05
58.4026 	2.05
62.3227 	2.05
66.4388 	2.05
70.7608 	2.05
75.2988 	2.05
80.0638 	2.05
85.067 	2.05
90.3203 	2.05
95.8363 	2.05
101.628 	2.05
107.71 	2.05
114.095 	2.05
120.8 	2.05
127.84 	2.05
135.232 	2.05
142.993 	2.05
151.143 	2.05
159.7 	2.05
168.685 	2.05
178.119 	2.05
188.025 	2.05
198.427 	2.05
209.348 	2.05
220.815 	2.05
232.856 	2.05
245.499 	2.05
258.774 	2.05
272.713 	2.05
287.348 	2.05
302.716 	2.05
318.851 	2.05
335.794 	2.05
353.584 	2.05
372.263 	2.05
391.876 	2.05
412.47 	2.05
434.093 	2.05
456.798 	2.05
480.638 	2.05
505.67 	2.05
531.953 	2.05
559.551 	2.05
588.529 	2.05
618.955 	2.05
650.903 	2.05
684.448 	2.05
719.67 	2.05
756.654 	2.05
795.486 	2.05
836.261 	2.05
879.074 	2.05
924.027 	2.05
971.229 	2.05
1000 	2.05
0 	3.1525
1 	3.1525
2.05 	3.1525
3.1525 	3.1525
4.31013 	3.1525
5.52563 	3.1525
6.80191 	3.1525
8.14201 	3.1525
9.54911 	3.1525
11.0266 	3.1525
12.5779 	3.1525
14.2068 	3.1525
15.9171 	3.1525
17.713 	3.1525
19.5986 	3.1525
21.5786 	3.1525
23.6575 	3.1525
25.8404 	3.1525
28.1324 	3.1525
30.539 	3.1525
33.066 	3.1525
35.7193 	3.1525
38.5052 	3.1525
41.4305 	3.1525
44.502 	3.1525
47.7271 	3.1525
51.1135 	3.1525
54.6691 	3.1525
58.4026 	3.1525
62.3227 	3.1525
66.4388 	3.1525
70.7608 	3.1525
75.2988 	3.1525
80.0638 	3.1525
85.067 	3.1525
90.3203 	3.1525
95.8363 	3.1525
101.628 	3.1525
107.71 	3.1525
114.095 	3.1525
120.8 	3.1525
127.84 	3.1525
135.232 	3.1525
142.993 	3.1525
151.143 	3.1525
159.7 	3.1525
168.685 	3.1525
178.119 	3.1525
188.025 	3.1525
198.427 	3.1525
209.348 	3.1525
220.815 	3.1525
232.856 	3.1525
245.499 	3.1525
258.774 	3.1525
272.713 	3.1525
287.348 	3.1525
302.716 	3.1525
318.851 	3.1525
335.794 	3.1525
353.584 	3.1525
372.263 	3.1525
391.876 	3.1525
412.47 	3.1525
434.093 	3.1525
456.798 	3.1525
480.638 	3.1525
505.67 	3.1525
531.953 	3.1525
559.551 	3.1525
588.529 	3.1525
618.955 	3.1525
650.903 	3.1525
684.448 	3.1525
719.67 	3.1525
756.654 	3.1525
795.486 	3.1525
836.261 	3.1525
879.074 	3.1525
924.027 	3.1525
971.229 	3.1525
1000 	3.1525
0 	4.31013
1 	4.31013
2.05 	4.31013
3.1525 	4.31013
4.31013 	4.31013
5.52563 	4.31013
6.80191 	4.31013
8.14201 	4.31013
9.54911 	4.31013
11.0266 	4.31013
12.5779 	4.31013
14.2068 	4.31013
15.9171 	4.31013
17.713 	4.31013
19.5986 	4.31013
21.5786 	4.31013
23.6575 	4.31013
25.8404 	4.31013
28.1324 	4.31013
30.539 	4.31013
33.066 	4.31013
35.7193 	4.31013
38.5052 	4.31013
41.4305 	4.31013
44.502 	4.31013
47.7271 	4.31013
51.1135 	4.31013
54.6691 	4.31013
58.4026 	4.31013
62.3227 	4.31013
66.4388 	4.31013
70.7608 	4.31013
75.2988 	4.31013
80.0638 	4.31013
85.067 	4.31013
90.3203 	4.31013
95.8363 	4.31013
101.628 	4.31013
107.71 	4.31013
114.095 	4.31013
120.8 	4.31013
127.84 	4.31013
135.232 	4.31013
142.993 	4.31013
151.143 	4.31013
159.7 	4.31013
168.685 	4.31013
178.119 	4.31013
188.025 	4.31013
198.427 	4.31013
209.348 	4.31013
220.815 	4.31013
232.856 	4.31013
245.499 	4.31013
258.774 	4.31013
272.713 	4.31013
287.348 	4.31013
302.716 	4.31013
318.851 	4.31013
335.794 	4.31013
353.584 	4.31013
372.263 	4.31013
391.876 	4.31013
412.47 	4.31013
434.093 	4.31013
456.798 	4.31013
480.638 	4.31013
505.67 	4.31013
531.953 	4.31013
559.551 	4.31013
588.529 	4.31013
618.955 	4.31013
650.903 	4.31013
684.448 	4.31013
719.67 	4.31013
756.654 	4.31013
795.486 	4.31013
836.261 	4.31013
879.074 	4.31013
924.027 	4.31013
971.229 	4.31013
1000 	4.31013
0 	5.52563
1 	5.52563
2.05 	5.52563
3.1525 	5.52563
4.31013 	5.52563
5.52563 	5.52563
6.80191 	5.52563
8.14201 	5.52563
9.54911 	5.52563
11.0266 	5.52563
12.5779 	5.52563
14.2068 	5.52563
15.9171 	5.52563
17.713 	5.52563
19.5986 	5.52563
21.5786 	5.52563
23.6575 	5.52563
25.8404 	5.52563
28.1324 	5.52563
30.539 	5.52563
33.066 	5.52563
35.7193 	5.52563
38.5052 	5.52563
41.4305 	5.52563
44.502 	5.52563
47.7271 	5.52563
51.1135 	5.52563
54.6691 	5.52563
58.4026 	5.52563
62.3227 	5.52563
66.4388 	5.52563
70.7608 	5.52563
75.2988 	5.52563
80.0638 	5.52563
85.067 	5.52563
90.3203 	5.52563
95.8363 	5.52563
101.628 	5.52563
107.71 	5.52563
114.095 	5.52563
120.8 	5.52563
127.84 	5.52563
135.232 	5.52563
142.993 	5.52563
151.143 	5.52563
159.7 	5.52563
168.685 	5.52563
178.119 	5.52563
188.025 	5.52563
198.427 	5.52563
209.348 	5.52563
220.815 	5.52563
232.856 	5.52563
245.499 	5.52563
258.774 	5.52563
272.713 	5.52563
287.348 	5.52563
302.716 	5.52563
318.851 	5.52563
335.794 	5.52563
353.584 	5.52563
372.263 	5.52563
391.876 	5.52563
412.47 	5.52563
434.093 	5.52563
456.798 	5.52563
480.638 	5.52563
505.67 	5.52563
531.953 	5.52563
559.551 	5.52563
588.529 	5.52563
618.955 	5.52563
650.903 	5.52563
684.448 	5.52563
719.67 	5.52563
756.654 	5.52563
795.486 	5.52563
836.261 	5.52563
879.074 	5.52563
924.027 	5.52563
971.229 	5.52563
1000 	5.52563
0 	6.80191
1 	6.80191
2.05 	6.80191
3.1525 	6.80191
4.31013 	6.80191
5.52563 	6.80191
6.80191 	6.80191
8.14201 	6.80191
9.54911 	6.80191
11.0266 	6.80191
12.5779 	6.80191
14.2068 	6.80191
15.9171 	6.80191
17.713 	6.80191
19.5986 	6.80191
21.5786 	6.80191
23.6575 	6.80191
25.8404 	6.80191
28.1324 	6.80191
30.539 	6.80191
33.066 	6.80191
35.7193 	6.80191
38.5052 	6.80191
41.4305 	6.80191
44.502 	6.80191
47.7271 	6.80191
51.1135 	6.80191
54.6691 	6.80191
58.4026 	6.80191
62.3227 	6.80191
66.4388 	6.80191
70.7608 	6.80191
75.2988 	6.80191
80.0638 	6.80191
85.067 	6.80191
90.3203 	6.80191
95.8363 	6.80191
101.628 	6.80191
107.71 	6.80191
114.095 	6.80191
120.8 	6.80191
127.84 	6.80191
135.232 	6.80191
142.993 	6.80191
151.143 	6.80191
159.7 	6.80191
168.685 	6.80191
178.119 	6.80191
188.025 	6.80191
198.427 	6.80191
209.348 	6.80191
220.815 	6.80191
232.856 	6.80191
245.499 	6.80191
258.774 	6.80191
272.713 	6.80191
287.348 	6.80191
302.716 	6.80191
318.851 	6.80191
335.794 	6.80191
353.584 	6.80191
372.263 	6.80191
391.876 	6.80191
412.47 	6.80191
434.093 	6.80191
456.798 	6.80191
480.638 	6.80191
505.67 	6.80191
531.953 	6.80191
559.551 	6.80191
588.529 	6.80191
618.955 	6.80191
650.903 	6.80191
684.448 	6.80191
719.67 	6.80191
756.654 	6.80191
795.486 	6.80191
836.261 	6.80191
879.074 	6.80191
924.027 	6.80191
971.229 	6.80191
1000 	6.80191
0 	8.14201
1 	8.14201
2.05 	8.14201
3.1525 	8.14201
4.31013 	8.14201
5.52563 	8.14201
6.80191 	8.14201
8.14201 	8.14201
9.54911 	8.14201
11.0266 	8.14201
12.5779 	8.14201
14.2068 	8.14201
15.9171 	8.14201
17.713 	8.14201
19.5986 	8.14201
21.5786 	8.14201
23.6575 	8.14201
25.8404 	8.14201
28.1324 	8.14201
30.539 	8.14201
33.066 	8.14201
35.7193 	8.14201
38.5052 	8.14201
41.4305 	8.14201
44.502 	8.14201
47.7271 	8.14201
51.1135 	8.14201
54.6691 	8.14201
58.4026 	8.14201
62.3227 	8.14201
66.4388 	8.14201
70.7608 	8.14201
75.2988 	8.14201
80.0638 	8.14201
85.067 	8.14201
90.3203 	8.14201
95.8363 	8.14201
101.628 	8.14201
107.71 	8.14201
114.095 	8.14201
120.8 	8.14201
127.84 	8.14201
135.232 	8.14201
142.993 	8.14201
151.143 	8.14201
159.7 	8.14201
168.685 	8.14201
178.119 	8.14201
188.025 	8.14201
198.427 	8.14201
209.348 	8.14201
220.815 	8.14201
232.856 	8.14201
245.499 	8.14201
258.774 	8.14201
272.713 	8.14201
287.348 	8.14201
302.716 	8.14201
318.851 	8.14201
335.794 	8.14201
353.584 	8.14201
372.263 	8.14201
391.876 	8.14201
412.47 	8.14201
434.093 	8.14201
456.798 	8.14201
480.638 	8.14201
505.67 	8.14201
531.953 	8.14201
559.551 	8.14201
588.529 	8.14201
618.955 	8.14201
650.903 	8.14201
684.448 	8.14201
719.67 	8.14201
756.654 	8.14201
795.486 	8.14201
836.261 	8.14201
879.074 	8.14201
924.027 	8.14201
971.229 	8.14201
1000 	8.14201
0 	9.54911
1 	9.54911
2.05 	9.54911
3.1525 	9.54911
4.31013 	9.54911
5.52563 	9.54911
6.80191 	9.54911
8.14201 	9.54911
9.54911 	9.54911
11.0266 	9.54911
12.5779 	9.54911
14.2068 	9.54911
15.9171 	9.54911
17.713 	9.54911
19.5986 	9.54911
21.5786 	9.54911
23.6575 	9.54911
25.8404 	9.54911
28.1324 	9.54911
30.539 	9.54911
33.066 	9.54911
35.7193 	9.54911
38.5052 	9.54911
41.4305 	9.54911
44.502 	9.54911
47.7271 	9.54911
51.1135 	9.54911
54.6691 	9.54911
58.4026 	9.54911
62.3227 	9.54911
66.4388 	9.54911
70.7608 	9.54911
75.2988 	9.54911
80.0638 	9.54911
85.067 	9.54911
90.3203 	9.54911
95.8363 	9.54911
101.628 	9.54911
107.71 	9.54911
114.095 	9.54911
120.8 	9.54911
127.84 	9.54911
135.232 	9.54911
142.993 	9.54911
151.143 	9.54911
159.7 	9.54911
168.685 	9.54911
178.119 	9.54911
188.025 	9.54911
198.427 	9.54911
209.348 	9.54911
220.815 	9.54911
232.856 	9.54911
245.499 	9.54911
258.774 	9.54911
272.713 	9.54911
287.348 	9.54911
302.716 	9.54911
318.851 	9.54911
335.794 	9.54911
353.584 	9.54911
372.263 	9.54911
391.876 	9.54911
412.47 	9.54911
434.093 	9.54911
456.798 	9.54911
480.638 	9.54911
505.67 	9.54911
531.953 	9.54911
559.551 	9.54911
588.529 	9.54911
618.955 	9.54911
650.903 	9.54911
684.448 	9.54911
719.67 	9.54911
756.654 	9.54911
795.486 	9.54911
836.261 	9.54911
879.074 	9.54911
924.027 	9.54911
971.229 	9.54911
1000 	9.54911
0 	11.0266
1 	11.0266
2.05 	11.0266
3.1525 	11.0266
4.31013 	11.0266
5.52563 	11.0266
6.80191 	11.0266
8.14201 	11.0266
9.54911 	11.0266
11.0266 	11.0266
12.5779 	11.0266
14.2068 	11.0266
15.9171 	11.0266
17.713 	11.0266
19.5986 	11.0266
21.5786 	11.0266
23.6575 	11.0266
25.8404 	11.0266
28.1324 	11.0266
30.539 	11.0266
33.066 	11.0266
35.7193 	11.0266
38.5052 	11.0266
41.4305 	11.0266
44.502 	11.0266
47.7271 	11.0266
51.1135 	11.0266
54.6691 	11.0266
58.4026 	11.0266
62.3227 	11.0266
66.4388 	11.0266
70.7608 	11.0266
75.2988 	11.0266
80.0638 	11.0266
85.067 	11.0266
90.3203 	11.0266
95.8363 	11.0266
101.628 	11.0266
107.71 	11.0266
114.095 	11.0266
120.8 	11.0266
127.84 	11.0266
135.232 	11.0266
142.993 	11.0266
151.143 	11.0266
159.7 	11.0266
168.685 	11.0266
178.119 	11.0266
188.025 	11.0266
198.427 	11.0266
209.348 	11.0266
220.815 	11.0266
232.856 	11.0266
245.499 	11.0266
258.774 	11.0266
272.713 	11.0266
287.348 	11.0266
302.716 	11.0266
318.851 	11.0266
335.794 	11.0266
353.584 	11.0266
372.263 	11.0266
391.876 	11.0266
412.47 	11.0266
434.093 	11.0266
456.798 	11.0266
480.638 	11.0266
505.67 	11.0266
531.953 	11.0266
559.551 	11.0266
588.529 	11.0266
618.955 	11.0266
650.903 	11.0266
684.448 	11.0266
719.67 	11.0266
756.654 	11.0266
795.486 	11.0266
836.261 	11.0266
879.074 	11.0266
924.027 	11.0266
971.229 	11.0266
1000 	11.0266
0 	12.5779
1 	12.5779
2.05 	12.5779
3.1525 	12.5779
4.31013 	12.5779
5.52563 	12.5779
6.80191 	12.5779
8.14201 	12.5779
9.54911 	12.5779
11.0266 	12.5779
12.5779 	12.5779
14.2068 	12.5779
15.9171 	12.5779
17.713 	12.5779
19.5986 	12.5779
21.5786 	12.5779
23.6575 	12.5779
25.8404 	12.5779
28.1324 	12.5779
30.539 	12.5779
33.066 	12.5779
35.7193 	12.5779
38.5052 	12.5779
41.4305 	12.5779
44.502 	12.5779
47.7271 	12.5779
51.1135 	12.5779
54.6691 	12.5779
58.4026 	12.5779
62.3227 	12.5779
66.4388 	12.5779
70.7608 	12.5779
75.2988 	12.5779
80.0638 	12.5779
85.067 	12.5779
90.3203 	12.5779
95.8363 	12.5779
101.628 	12.5779
107.71 	12.5779
114.095 	12.5779
120.8 	12.5779
127.84 	12.5779
135.232 	12.5779
142.993 	12.5779
151.143 	12.5779
159.7 	12.5779
168.685 	12.5779
178.119 	12.5779
188.025 	12.5779
198.427 	12.5779
209.348 	12.5779
220.815 	12.5779
232.856 	12.5779
245.499 	12.5779
258.774 	12.5779
272.713 	12.5779
287.348 	12.5779
302.716 	12.5779
318.851 	12.5779
335.794 	12.5779
353.584 	12.5779
372.263 	12.5779
391.876 	12.5779
412.47 	12.5779
434.093 	12.5779
456.798 	12.5779
480.638 	12.5779
505.67 	12.5779
531.953 	12.5779
559.551 	12.5779
588.529 	12.5779
618.955 	12.5779
650.903 	12.5779
684.448 	12.5779
719.67 	12.5779
756.654 	12.5779
795.486 	12.5779
836.261 	12.5779
879.074 	12.5779
924.027 	12.5779
971.229 	12.5779
1000 	12.5779
0 	14.2068
1 	14.2068
2.05 	14.2068
3.1525 	14.2068
4.31013 	14.2068
5.52563 	14.2068
6.80191 	14.2068
8.14201 	14.2068
9.54911 	14.2068
11.0266 	14.2068
12.5779 	14.2068
14.2068 	14.2068
15.9171 	14.2068
17.713 	14.2068
19.5986 	14.2068
21.5786 	14.2068
23.6575 	14.2068
25.8404 	14.2068
28.1324 	14.2068
30.539 	14.2068
33.066 	14.2068
35.7193 	14.2068
38.5052 	14.2068
41.4305 	14.2068
44.502 	14.2068
47.7271 	14.2068
51.1135 	14.2068
54.6691 	14.2068
58.4026 	14.2068
62.3227 	14.2068
66.4388 	14.2068
70.7608 	14.2068
75.2988 	14.2068
80.0638 	14.2068
85.067 	14.2068
90.3203 	14.2068
95.8363 	14.2068
101.628 	14.2068
107.71 	14.2068
114.095 	14.2068
120.8 	14.2068
127.84 	14.2068
135.232 	14.2068
142.993 	14.2068
151.143 	14.2068
159.7 	14.2068
168.685 	14.2068
178.119 	14.2068
188.025 	14.2068
198.427 	14.2068
209.348 	14.2068
220.815 	14.2068
232.856 	14.2068
245.499 	14.2068
258.774 	14.2068
272.713 	14.2068
287.348 	14.2068
302.716 	14.2068
318.851 	14.2068
335.794 	14.2068
353.584 	14.2068
372.263 	14.2068
391.876 	14.2068
412.47 	14.2068
434.093 	14.2068
456.798 	14.2068
480.638 	14.2068
505.67 	14.2068
531.953 	14.2068
559.551 	14.2068
588.529 	14.2068
618.955 	14.2068
650.903 	14.2068
684.448 	14.2068
719.67 	14.2068
756.654 	14.2068
795.486 	14.2068
836.261 	14.2068
879.074 	14.2068
924.027 	14.2068
971.229 	14.2068
1000 	14.2068
0 	15.9171
1 	15.9171
2.05 	15.9171
3.1525 	15.9171
4.31013 	15.9171
5.52563 	15.9171
6.80191 	15.9171
8.14201 	15.9171
9.54911 	15.9171
11.0266 	15.9171
12.5779 	15.9171
14.2068 	15.9171
15.9171 	15.9171
17.713 	15.9171
19.5986 	15.9171
21.5786 	15.9171
23.6575 	15.9171
25.8404 	15.9171
28.1324 	15.9171
30.539 	15.9171
33.066 	15.9171
35.7193 	15.9171
38.5052 	15.9171
41.4305 	15.9171
44.502 	15.9171
47.7271 	15.9171
51.1135 	15.9171
54.6691 	15.9171
58.4026 	15.9171
62.3227 	15.9171
66.4388 	15.9171
70.7608 	15.9171
75.2988 	15.9171
80.0638 	15.9171
85.067 	15.9171
90.3203 	15.9171
95.8363 	15.9171
101.628 	15.9171
107.71 	15.9171
114.095 	15.9171
120.8 	15.9171
127.84 	15.9171
135.232 	15.9171
142.993 	15.9171
151.143 	15.9171
159.7 	15.9171
168.685 	15.9171
178.119 	15.9171
188.025 	15.9171
198.427 	15.9171
209.348 	15.9171
220.815 	15.9171
232.856 	15.9171
245.499 	15.9171
258.774 	15.9171
272.713 	15.9171
287.348 	15.9171
302.716 	15.9171
318.851 	15.9171
335.794 	15.9171
353.584 	15.9171
372.263 	15.9171
391.876 	15.9171
412.47 	15.9171
434.093 	15.9171
456.798 	15.9171
480.638 	15.9171
505.67 	15.9171
531.953 	15.9171
559.551 	15.9171
588.529 	15.9171
618.955 	15.9171
650.903 	15.9171
684.448 	15.9171
719.67 	15.9171
756.654 	15.9171
795.486 	15.9171
836.261 	15.9171
879.074 	15.9171
924.027 	15.9171
971.229 	15.9171
1000 	15.9171
0 	17.713
1 	17.713
2.05 	17.713
3.1525 	17.713
4.31013 	17.713
5.52563 	17.713
6.80191 	17.713
8.14201 	17.713
9.54911 	17.713
11.0266 	17.713
12.5779 	17.713
14.2068 	17.713
15.9171 	17.713
17.713 	17.713
19.5986 	17.713
21.5786 	17.713
23.6575 	17.713
25.8404 	17.713
28.1324 	17.713
30.539 	17.713
33.066 	17.713
35.7193 	17.713
38.5052 	17.713
41.4305 	17.713
44.502 	17.713
47.7271 	17.713
51.1135 	17.713
54.6691 	17.713
58.4026 	17.713
62.3227 	17.713
66.4388 	17.713
70.7608 	17.713
75.2988 	17.713
80.0638 	17.713
85.067 	17.713
90.3203 	17.713
95.8363 	17.713
101.628 	17.713
107.71 	17.713
114.095 	17.713
120.8 	17.713
127.84 	17.713
135.232 	17.713
142.993 	17.713
151.143 	17.713
159.7 	17.713
168.685 	17.713
178.119 	17.713
188.025 	17.713
198.427 	17.713
209.348 	17.713
220.815 	17.713
232.856 	17.713
245.499 	17.713
258.774 	17.713
272.713 	17.713
287.348 	17.713
302.716 	17.713
318.851 	17.713
335.794 	17.713
353.584 	17.713
372.263 	17.713
391.876 	17.713
412.47 	17.713
434.093 	17.713
456.798 	17.713
480.638 	17.713
505.67 	17.713
531.953 	17.713
559.551 	17.713
588.529 	17.713
618.955 	17.713
650.903 	17.713
684.448 	17.713
719.67 	17.713
756.654 	17.713
795.486 	17.713
836.261 	17.713
879.074 	17.713
924.027 	17.713
971.229 	17.713
1000 	17.713
0 	19.5986
1 	19.5986
2.05 	19.5986
3.1525 	19.5986
4.31013 	19.5986
5.52563 	19.5986
6.80191 	19.5986
8.14201 	19.5986
9.54911 	19.5986
11.0266 	19.5986
12.5779 	19.5986
14.2068 	19.5986
15.9171 	19.5986
17.713 	19.5986
19.5986 	19.5986
21.5786 	19.5986
23.6575 	19.5986
25.8404 	19.5986
28.1324 	19.5986
30.539 	19.5986
33.066 	19.5986
35.7193 	19.5986
38.5052 	19.5986
41.4305 	19.5986
44.502 	19.5986
47.7271 	19.5986
51.1135 	19.5986
54.6691 	19.5986
58.4026 	19.5986
62.3227 	19.5986
66.4388 	19.5986
70.7608 	19.5986
75.2988 	19.5986
80.0638 	19.5986
85.067 	19.5986
90.3203 	19.5986
95.8363 	19.5986
101.628 	19.5986
107.71 	19.5986
114.095 	19.5986
120.8 	19.5986
127.84 	19.5986
135.232 	19.5986
142.993 	19.5986
151.143 	19.5986
159.7 	19.5986
168.685 	19.5986
178.119 	19.5986
188.025 	19.5986
198.427 	19.5986
209.348 	19.5986
220.815 	19.5986
232.856 	19.5986
245.499 	19.5986
258.774 	19.5986
272.713 	19.5986
287.348 	19.5986
302.716 	19.5986
318.851 	19.5986
335.794 	19.5986
353.584 	19.5986
372.263 	19.5986
391.876 	19.5986
412.47 	19.5986
434.093 	19.5986
456.798 	19.5986
480.638 	19.5986
505.67 	19.5986
531.953 	19.5986
559.551 	19.5986
588.529 	19.5986
618.955 	19.5986
650.903 	19.5986
684.448 	19.5986
719.67 	19.5986
756.654 	19.5986
795.486 	19.5986
836.261 	19.5986
879.074 	19.5986
924.027 	19.5986
971.229 	19.5986
1000 	19.5986
0 	21.5786
1 	21.5786
2.05 	21.5786
3.1525 	21.5786
4.31013 	21.5786
5.52563 	21.5786
6.80191 	21.5786
8.14201 	21.5786
9.54911 	21.5786
11.0266 	21.5786
12.5779 	21.5786
14.2068 	21.5786
15.9171 	21.5786
17.713 	21.5786
19.5986 	21.5786
21.5786 	21.5786
23.6575 	21.5786
25.8404 	21.5786
28.1324 	21.5786
30.539 	21.5786
33.066 	21.5786
35.7193 	21.5786
38.5052 	21.5786
41.4305 	21.5786
44.502 	21.5786
47.7271 	21.5786
51.1135 	21.5786
54.6691 	21.5786
58.4026 	21.5786
62.3227 	21.5786
66.4388 	21.5786
70.7608 	21.5786
75.2988 	21.5786
80.0638 	21.5786
85.067 	21.5786
90.3203 	21.5786
95.8363 	21.5786
101.628 	21.5786
107.71 	21.5786
114.095 	21.5786
120.8 	21.5786
127.84 	21.5786
135.232 	21.5786
142.993 	21.5786
151.143 	21.5786
159.7 	21.5786
168.685 	21.5786
178.119 	21.5786
188.025 	21.5786
198.427 	21.5786
209.348 	21.5786
220.815 	21.5786
232.856 	21.5786
245.499 	21.5786
258.774 	21.5786
272.713 	21.5786
287.348 	21.5786
302.716 	21.5786
318.851 	21.5786
335.794 	21.5786
353.584 	21.5786
372.263 	21.5786
391.876 	21.5786
412.47 	21.5786
434.093 	21.5786
456.798 	21.5786
480.638 	21.5786
505.67 	21.5786
531.953 	21.5786
559.551 	21.5786
588.529 	21.5786
618.955 	21.5786
650.903 	21.5786
684.448 	21.5786
719.67 	21.5786
756.654 	21.5786
795.486 	21.5786
836.261 	21.5786
879.074 	21.5786
924.027 	21.5786
971.229 	21.5786
1000 	21.5786
0 	23.6575
1 	23.6575
2.05 	23.6575
3.1525 	23.6575
4.31013 	23.6575
5.52563 	23.6575
6.80191 	23.6575
8.14201 	23.6575
9.54911 	23.6575
11.0266 	23.6575
12.5779 	23.6575
14.2068 	23.6575
15.9171 	23.6575
17.713 	23.6575
19.5986 	23.6575
21.5786 	23.6575
23.6575 	23.6575
25.8404 	23.6575
28.1324 	23.6575
30.539 	23.6575
33.066 	23.6575
35.7193 	23.6575
38.5052 	23.6575
41.4305 	23.6575
44.502 	23.6575
47.7271 	23.6575
51.1135 	23.6575
54.6691 	23.6575
58.4026 	23.6575
62.3227 	23.6575
66.4388 	23.6575
70.7608 	23.6575
75.2988 	23.6575
80.0638 	23.6575
85.067 	23.6575
90.3203 	23.6575
95.8363 	23.6575
101.628 	23.6575
107.71 	23.6575
114.095 	23.6575
120.8 	23.6575
127.84 	23.6575
135.232 	23.6575
142.993 	23.6575
151.143 	23.6575
159.7 	23.6575
168.685 	23.6575
178.119 	23.6575
188.025 	23.6575
198.427 	23.6575
209.348 	23.6575
220.815 	23.6575
232.856 	23.6575
245.499 	23.6575
258.774 	23.6575
272.713 	23.6575
287.348 	23.6575
302.716 	23.6575
318.851 	23.6575
335.794 	23.6575
353.584 	23.6575
372.263 	23.6575
391.876 	23.6575
412.47 	23.6575
434.093 	23.6575
456.798 	23.6575
480.638 	23.6575
505.67 	23.6575
531.953 	23.6575
559.551 	23.6575
588.529 	23.6575
618.955 	23.6575
650.903 	23.6575
684.448 	23.6575
719.67 	23.6575
756.654 	23.6575
795.486 	23.6575
836.261 	23.6575
879.074 	23.6575
924.027 	23.6575
971.229 	23.6575
1000 	23.6575
0 	25.8404
1 	25.8404
2.05 	25.8404
3.1525 	25.8404
4.31013 	25.8404
5.52563 	25.8404
6.80191 	25.8404
8.14201 	25.8404
9.54911 	25.8404
11.0266 	25.8404
12.5779 	25.8404
14.2068 	25.8404
15.9171 	25.8404
17.713 	25.8404
19.5986 	25.8404
21.5786 	25.8404
23.6575 	25.8404
25.8404 	25.8404
28.1324 	25.8404
30.539 	25.8404
33.066 	25.8404
35.7193 	25.8404
38.5052 	25.8404
41.4305 	25.8404
44.502 	25.8404
47.7271 	25.8404
51.1135 	25.8404
54.6691 	25.8404
58.4026 	25.8404
62.3227 	25.8404
66.4388 	25.8404
70.7608 	25.8404
75.2988 	25.8404
80.0638 	25.8404
85.067 	25.8404
90.3203 	25.8404
95.8363 	25.8404
101.628 	25.8404
107.71 	25.8404
114.095 	25.8404
120.8 	25.8404
127.84 	25.8404
135.232 	25.8404
142.993 	25.8404
151.143 	25.8404
159.7 	25.8404
168.685 	25.8404
178.119 	25.8404
188.025 	25.8404
198.427 	25.8404
209.348 	25.8404
220.815 	25.8404
232.856 	25.8404
245.499 	25.8404
258.774 	25.8404
272.713 	25.8404
287.348 	25.8404
302.716 	25.8404
318.851 	25.8404
335.794 	25.8404
353.584 	25.8404
372.263 	25.8404
391.876 	25.8404
412.47 	25.8404
434.093 	25.8404
456.798 	25.8404
480.638 	25.8404
505.67 	25.8404
531.953 	25.8404
559.551 	25.8404
588.529 	25.8404
618.955 	25.8404
650.903 	25.8404
684.448 	25.8404
719.67 	25.8404
756.654 	25.8404
795.486 	25.8404
836.261 	25.8404
879.074 	25.8404
924.027 	25.8404
971.229 	25.8404
1000 	25.8404
0 	28.1324
1 	28.1324
2.05 	28.1324
3.1525 	28.1324
4.31013 	28.1324
5.52563 	28.1324
6.80191 	28.1324
8.14201 	28.1324
9.54911 	28.1324
11.0266 	28.1324
12.5779 	28.1324
14.2068 	28.1324
15.9171 	28.1324
17.713 	28.1324
19.5986 	28.1324
21.5786 	28.1324
23.6575 	28.1324
25.8404 	28.1324
28.1324 	28.1324
30.539 	28.1324
33.066 	28.1324
35.7193 	28.1324
38.5052 	28.1324
41.4305 	28.1324
44.502 	28.1324
47.7271 	28.1324
51.1135 	28.1324
54.6691 	28.1324
58.4026 	28.1324
62.3227 	28.1324
66.4388 	28.1324
70.7608 	28.1324
75.2988 	28.1324
80.0638 	28.1324
85.067 	28.1324
90.3203 	28.1324
95.8363 	28.1324
101.628 	28.1324
107.71 	28.1324
114.095 	28.1324
120.8 	28.1324
127.84 	28.1324
135.232 	28.1324
142.993 	28.1324
151.143 	28.1324
159.7 	28.1324
168.685 	28.1324
178.119 	28.1324
188.025 	28.1324
198.427 	28.1324
209.348 	28.1324
220.815 	28.1324
232.856 	28.1324
245.499 	28.1324
258.774 	28.1324
272.713 	28.1324
287.348 	28.1324
302.716 	28.1324
318.851 	28.1324
335.794 	28.1324
353.584 	28.1324
372.263 	28.1324
391.876 	28.1324
412.47 	28.1324
434.093 	28.1324
456.798 	28.1324
480.638 	28.1324
505.67 	28.1324
531.953 	28.1324
559.551 	28.1324
588.529 	28.1324
618.955 	28.1324
650.903 	28.1324
684.448 	28.1324
719.67 	28.1324
756.654 	28.1324
795.486 	28.1324
836.261 	28.1324
879.074 	28.1324
924.027 	28.1324
971.229 	28.1324
1000 	28.1324
0 	30.539
1 	30.539
2.05 	30.539
3.1525 	30.539
4.31013 	30.539
5.52563 	30.539
6.80191 	30.539
8.14201 	30.539
9.54911 	30.539
11.0266 	30.539
12.5779 	30.539
14.2068 	30.539
15.9171 	30.539
17.713 	30.539
19.5986 	30.539
21.5786 	30.539
23.6575 	30.539
25.8404 	30.539
28.1324 	30.539
30.539 	30.539
33.066 	30.539
35.7193 	30.539
38.5052 	30.539
41.4305 	30.539
44.502 	30.539
47.7271 	30.539
51.1135 	30.539
54.6691 	30.539
58.4026 	30.539
62.3227 	30.539
66.4388 	30.539
70.7608 	30.539
75.2988 	30.539
80.0638 	30.539
85.067 	30.539
90.3203 	30.539
95.8363 	30.539
101.628 	30.539
107.71 	30.539
114.095 	30.539
120.8 	30.539
127.84 	30.539
135.232 	30.539
142.993 	30.539
151.143 	30.539
159.7 	30.539
168.685 	30.539
178.119 	30.539
188.025 	30.539
198.427 	30.539
209.348 	30.539
220.815 	30.539
232.856 	30.539
245.499 	30.539
258.774 	30.539
272.713 	30.539
287.348 	30.539
302.716 	30.539
318.851 	30.539
335.794 	30.539
353.584 	30.539
372.263 	30.539
391.876 	30.539
412.47 	30.539
434.093 	30.539
456.798 	30.539
480.638 	30.539
505.67 	30.539
531.953 	30.539
559.551 	30.539
588.529 	30.539
618.955 	30.539
650.903 	30.539
684.448 	30.539
719.67 	30.539
756.654 	30.539
795.486 	30.539
836.261 	30.539
879.074 	30.539
924.027 	30.539
971.229 	30.539
1000 	30.539
0 	33.066
1 	33.066
2.05 	33.066
3.1525 	33.066
4.31013 	33.066
5.52563 	33.066
6.80191 	33.066
8.14201 	33.066
9.54911 	33.066
11.0266 	33.066
12.5779 	33.066
14.2068 	33.066
15.9171 	33.066
17.713 	33.066
19.5986 	33.066
21.5786 	33.066
23.6575 	33.066
25.8404 	33.066
28.1324 	33.066
30.539 	33.066
33.066 	33.066
35.7193 	33.066
38.5052 	33.066
41.4305 	33.066
44.502 	33.066
47.7271 	33.066
51.1135 	33.066
54.6691 	33.066
58.4026 	33.066
62.3227 	33.066
66.4388 	33.066
70.7608 	33.066
75.2988 	33.066
80.0638 	33.066
85.067 	33.066
90.3203 	33.066
95.8363 	33.066
101.628 	33.066
107.71 	33.066
114.095 	33.066
120.8 	33.066
127.84 	33.066
135.232 	33.066
142.993 	33.066
151.143 	33.066
159.7 	33.066
168.685 	33.066
178.119 	33.066
188.025 	33.066
198.427 	33.066
209.348 	33.066
220.815 	33.066
232.856 	33.066
245.499 	33.066
258.774 	33.066
272.713 	33.066
287.348 	33.066
302.716 	33.066
318.851 	33.066
335.794 	33.066
353.584 	33.066
372.263 	33.066
391.876 	33.066
412.47 	33.066
434.093 	33.066
456.798 	33.066
480.638 	33.066
505.67 	33.066
531.953 	33.066
559.551 	33.066
588.529 	33.066
618.955 	33.066
650.903 	33.066
684.448 	33.066
719.67 	33.066
756.654 	33.066
795.486 	33.066
836.261 	33.066
879.074 	33.066
924.027 	33.066
971.229 	33.066
1000 	33.066
0 	35.7193
1 	35.7193
2.05 	35.7193
3.1525 	35.7193
4.31013 	35.7193
5.52563 	35.7193
6.80191 	35.7193
8.14201 	35.7193
9.54911 	35.7193
11.0266 	35.7193
12.5779 	35.7193
14.2068 	35.7193
15.9171 	35.7193
17.713 	35.7193
19.5986 	35.7193
21.5786 	35.7193
23.6575 	35.7193
25.8404 	35.7193
28.1324 	35.7193
30.539 	35.7193
33.066 	35.7193
35.7193 	35.7193
38.5052 	35.7193
41.4305 	35.7193
44.502 	35.7193
47.7271 	35.7193
51.1135 	35.7193
54.6691 	35.7193
58.4026 	35.7193
62.3227 	35.7193
66.4388 	35.7193
70.7608 	35.7193
75.2988 	35.7193
80.0638 	35.7193
85.067 	35.7193
90.3203 	35.7193
95.8363 	35.7193
101.628 	35.7193
107.71 	35.7193
114.095 	35.7193
120.8 	35.7193
127.84 	35.7193
135.232 	35.7193
142.993 	35.7193
151.143 	35.7193
159.7 	35.7193
168.685 	35.7193
178.119 	35.7193
188.025 	35.7193
198.427 	35.7193
209.348 	35.7193
220.815 	35.7193
232.856 	35.7193
245.499 	35.7193
258.774 	35.7193
272.713 	35.7193
287.348 	35.7193
302.716 	35.7193
318.851 	35.7193
335.794 	35.7193
353.584 	35.7193
372.263 	35.7193
391.876 	35.7193
412.47 	35.7193
434.093 	35.7193
456.798 	35.7193
480.638 	35.7193
505.67 	35.7193
531.953 	35.7193
559.551 	35.7193
588.529 	35.7193
618.955 	35.7193
650.903 	35.7193
684.448 	35.7193
719.67 	35.7193
756.654 	35.7193
795.486 	35.7193
836.261 	35.7193
879.074 	35.7193
924.027 	35.7193
971.229 	35.7193
1000 	35.7193
0 	38.5052
1 	38.5052
2.05 	38.5052
3.1525 	38.5052
4.31013 	38.5052
5.52563 	38.5052
6.80191 	38.5052
8.14201 	38.5052
9.54911 	38.5052
11.0266 	38.5052
12.5779 	38.5052
14.2068 	38.5052
15.9171 	38.5052
17.713 	38.5052
19.5986 	38.5052
21.5786 	38.5052
23.6575 	38.5052
25.8404 	38.5052
28.1324 	38.5052
30.539 	38.5052
33.066 	38.5052
35.7193 	38.5052
38.5052 	38.5052
41.4305 	38.5052
44.502 	38.5052
47.7271 	38.5052
51.1135 	38.5052
54.6691 	38.5052
58.4026 	38.5052
62.3227 	38.5052
66.4388 	38.5052
70.7608 	38.5052
75.2988 	38.5052
80.0638 	38.5052
85.067 	38.5052
90.3203 	38.5052
95.8363 	38.5052
101.628 	38.5052
107.71 	38.5052
114.095 	38.5052
120.8 	38.5052
127.84 	38.5052
135.232 	38.5052
142.993 	38.5052
151.143 	38.5052
159.7 	38.5052
168.685 	38.5052
178.119 	38.5052
188.025 	38.5052
198.427 	38.5052
209.348 	38.5052
220.815 	38.5052
232.856 	38.5052
245.499 	38.5052
258.774 	38.5052
272.713 	38.5052
287.348 	38.5052
302.716 	38.5052
318.851 	38.5052
335.794 	38.5052
353.584 	38.5052
372.263 	38.5052
391.876 	38.5052
412.47 	38.5052
434.093 	38.5052
456.798 	38.5052
480.638 	38.5052
505.67 	38.5052
531.953 	38.5052
559.551 	38.5052
588.529 	38.5052
618.955 	38.5052
650.903 	38.5052
684.448 	38.5052
719.67 	38.5052
756.654 	38.5052
795.486 	38.5052
836.261 	38.5052
879.074 	38.5052
924.027 	38.5052
971.229 	38.5052
1000 	38.5052
0 	41.4305
1 	41.4305
2.05 	41.4305
3.1525 	41.4305
4.31013 	41.4305
5.52563 	41.4305
6.80191 	41.4305
8.14201 	41.4305
9.54911 	41.4305
11.0266 	41.4305
12.5779 	41.4305
14.2068 	41.4305
15.9171 	41.4305
17.713 	41.4305
19.5986 	41.4305
21.5786 	41.4305
23.6575 	41.4305
25.8404 	41.4305
28.1324 	41.4305
30.539 	41.4305
33.066 	41.4305
35.7193 	41.4305
38.5052 	41.4305
41.4305 	41.4305
44.502 	41.4305
47.7271 	41.4305
51.1135 	41.4305
54.6691 	41.4305
58.4026 	41.4305
62.3227 	41.4305
66.4388 	41.4305
70.7608 	41.4305
75.2988 	41.4305
80.0638 	41.4305
85.067 	41.4305
90.3203 	41.4305
95.8363 	41.4305
101.628 	41.4305
107.71 	41.4305
114.095 	41.4305
120.8 	41.4305
127.84 	41.4305
135.232 	41.4305
142.993 	41.4305
151.143 	41.4305
159.7 	41.4305
168.685 	41.4305
178.119 	41.4305
188.025 	41.4305
198.427 	41.4305
209.348 	41.4305
220.815 	41.4305
232.856 	41.4305
245.499 	41.4305
258.774 	41.4305
272.713 	41.4305
287.348 	41.4305
302.716 	41.4305
318.851 	41.4305
335.794 	41.4305
353.584 	41.4305
372.263 	41.4305
391.876 	41.4305
412.47 	41.4305
434.093 	41.4305
456.798 	41.4305
480.638 	41.4305
505.67 	41.4305
531.953 	41.4305
559.551 	41.4305
588.529 	41.4305
618.955 	41.4305
650.903 	41.4305
684.448 	41.4305
719.67 	41.4305
756.654 	41.4305
795.486 	41.4305
836.261 	41.4305
879.074 	41.4305
924.027 	41.4305
971.229 	41.4305
1000 	41.4305
0 	44.502
1 	44.502
2.05 	44.502
3.1525 	44.502
4.31013 	44.502
5.52563 	44.502
6.80191 	44.502
8.14201 	44.502
9.54911 	44.502
11.0266 	44.502
12.5779 	44.502
14.2068 	44.502
15.9171 	44.502
17.713 	44.502
19.5986 	44.502
21.5786 	44.502
23.6575 	44.502
25.8404 	44.502
28.1324 	44.502
30.539 	44.502
33.066 	44.502
35.7193 	44.502
38.5052 	44.502
41.4305 	44.502
44.502 	44.502
47.7271 	44.502
51.1135 	44.502
54.6691 	44.502
58.4026 	44.502
62.3227 	44.502
66.4388 	44.502
70.7608 	44.502
75.2988 	44.502
80.0638 	44.502
85.067 	44.502
90.3203 	44.502
95.8363 	44.502
101.628 	44.502
107.71 	44.502
114.095 	44.502
120.8 	44.502
127.84 	44.502
135.232 	44.502
142.993 	44.502
151.143 	44.502
159.7 	44.502
168.685 	44.502
178.119 	44.502
188.025 	44.502
198.427 	44.502
209.348 	44.502
220.815 	44.502
232.856 	44.502
245.499 	44.502
258.774 	44.502
272.713 	44.502
287.348 	44.502
302.716 	44.502
318.851 	44.502
335.794 	44.502
353.584 	44.502
372.263 	44.502
391.876 	44.502
412.47 	44.502
434.093 	44.502
456.798 	44.502
480.638 	44.502
505.67 	44.502
531.953 	44.502
559.551 	44.502
588.529 	44.502
618.955 	44.502
650.903 	44.502
684.448 	44.502
719.67 	44.502
756.654 	44.502
795.486 	44.502
836.261 	44.502
879.074 	44.502
924.027 	44.502
971.229 	44.502
1000 	44.502
0 	47.7271
1 	47.7271
2.05 	47.7271
3.1525 	47.7271
4.31013 	47.7271
5.52563 	47.7271
6.80191 	47.7271
8.14201 	47.7271
9.54911 	47.7271
11.0266 	47.7271
12.5779 	47.7271
14.2068 	47.7271
15.9171 	47.7271
17.713 	47.7271
19.5986 	47.7271
21.5786 	47.7271
23.6575 	47.7271
25.8404 	47.7271
28.1324 	47.7271
30.539 	47.7271
33.066 	47.7271
35.7193 	47.7271
38.5052 	47.7271
41.4305 	47.7271
44.502 	47.7271
47.7271 	47.7271
51.1135 	47.7271
54.6691 	47.7271
58.4026 	47.7271
62.3227 	47.7271
66.4388 	47.7271
70.7608 	47.7271
75.2988 	47.7271
80.0638 	47.7271
85.067 	47.7271
90.3203 	47.7271
95.8363 	47.7271
101.628 	47.7271
107.71 	47.7271
114.095 	47.7271
120.8 	47.7271
127.84 	47.7271
135.232 	47.7271
142.993 	47.7271
151.143 	47.7271
159.7 	47.7271
168.685 	47.7271
178.119 	47.7271
188.025 	47.7271
198.427 	47.7271
209.348 	47.7271
220.815 	47.7271
232.856 	47.7271
245.499 	47.7271
258.774 	47.7271
272.713 	47.7271
287.348 	47.7271
302.716 	47.7271
318.851 	47.7271
335.794 	47.7271
353.584 	47.7271
372.263 	47.7271
391.876 	47.7271
412.47 	47.7271
434.093 	47.7271
456.798 	47.7271
480.638 	47.7271
505.67 	47.7271
531.953 	47.7271
559.551 	47.7271
588.529 	47.7271
618.955 	47.7271
650.903 	47.7271
684.448 	47.7271
719.67 	47.7271
756.654 	47.7271
795.486 	47.7271
836.261 	47.7271
879.074 	47.7271
924.027 	47.7271
971.229 	47.7271
1000 	47.7271
0 	51.1135
1 	51.1135
2.05 	51.1135
3.1525 	51.1135
4.31013 	51.1135
5.52563 	51.1135
6.80191 	51.1135
8.14201 	51.1135
9.54911 	51.1135
11.0266 	51.1135
12.5779 	51.1135
14.2068 	51.1135
15.9171 	51.1135
17.713 	51.1135
19.5986 	51.1135
21.5786 	51.1135
23.6575 	51.1135
25.8404 	51.1135
28.1324 	51.1135
30.539 	51.1135
33.066 	51.1135
35.7193 	51.1135
38.5052 	51.1135
41.4305 	51.1135
44.502 	51.1135
47.7271 	51.1135
51.1135 	51.1135
54.6691 	51.1135
58.4026 	51.1135
62.3227 	51.1135
66.4388 	51.1135
70.7608 	51.1135
75.2988 	51.1135
80.0638 	51.1135
85.067 	51.1135
90.3203 	51.1135
95.8363 	51.1135
101.628 	51.1135
107.71 	51.1135
114.095 	51.1135
120.8 	51.1135
127.84 	51.1135
135.232 	51.1135
142.993 	51.1135
151.143 	51.1135
159.7 	51.1135
168.685 	51.1135
178.119 	51.1135
188.025 	51.1135
198.427 	51.1135
209.348 	51.1135
220.815 	51.1135
232.856 	51.1135
245.499 	51.1135
258.774 	51.1135
272.713 	51.1135
287.348 	51.1135
302.716 	51.1135
318.851 	51.1135
335.794 	51.1135
353.584 	51.1135
372.263 	51.1135
391.876 	51.1135
412.47 	51.1135
434.093 	51.1135
456.798 	51.1135
480.638 	51.1135
505.67 	51.1135
531.953 	51.1135
559.551 	51.1135
588.529 	51.1135
618.955 	51.1135
650.903 	51.1135
684.448 	51.1135
719.67 	51.1135
756.654 	51.1135
795.486 	51.1135
836.261 	51.1135
879.074 	51.1135
924.027 	51.1135
971.229 	51.1135
1000 	51.1135
0 	54.6691
1 	54.6691
2.05 	54.6691
3.1525 	54.6691
4.31013 	54.6691
5.52563 	54.6691
6.80191 	54.6691
8.14201 	54.6691
9.54911 	54.6691
11.0266 	54.6691
12.5779 	54.6691
14.2068 	54.6691
15.9171 	54.6691
17.713 	54.6691
19.5986 	54.6691
21.5786 	54.6691
23.6575 	54.6691
25.8404 	54.6691
28.1324 	54.6691
30.539 	54.6691
33.066 	54.6691
35.7193 	54.6691
38.5052 	54.6691
41.4305 	54.6691
44.502 	54.6691
47.7271 	54.6691
51.1135 	54.6691
54.6691 	54.6691
58.4026 	54.6691
62.3227 	54.6691
66.4388 	54.6691
70.7608 	54.6691
75.2988 	54.6691
80.0638 	54.6691
85.067 	54.6691
90.3203 	54.6691
95.8363 	54.6691
101.628 	54.6691
107.71 	54.6691
114.095 	54.6691
120.8 	54.6691
127.84 	54.6691
135.232 	54.6691
142.993 	54.6691
151.143 	54.6691
159.7 	54.6691
168.685 	54.6691
178.119 	54.6691
188.025 	54.6691
198.427 	54.6691
209.348 	54.6691
220.815 	54.6691
232.856 	54.6691
245.499 	54.6691
258.774 	54.6691
272.713 	54.6691
287.348 	54.6691
302.716 	54.6691
318.851 	54.6691
335.794 	54.6691
353.584 	54.6691
372.263 	54.6691
391.876 	54.6691
412.47 	54.6691
434.093 	54.6691
456.798 	54.6691
480.638 	54.6691
505.67 	54.6691
531.953 	54.6691
559.551 	54.6691
588.529 	54.6691
618.955 	54.6691
650.903 	54.6691
684.448 	54.6691
719.67 	54.6691
756.654 	54.6691
795.486 	54.6691
836.261 	54.6691
879.074 	54.6691
924.027 	54.6691
971.229 	54.6691
1000 	54.6691
0 	58.4026
1 	58.4026
2.05 	58.4026
3.1525 	58.4026
4.31013 	58.4026
5.52563 	58.4026
6.80191 	58.4026
8.14201 	58.4026
9.54911 	58.4026
11.0266 	58.4026
12.5779 	58.4026
14.2068 	58.4026
15.9171 	58.4026
17.713 	58.4026
19.5986 	58.4026
21.5786 	58.4026
23.6575 	58.4026
25.8404 	58.4026
28.1324 	58.4026
30.539 	58.4026
33.066 	58.4026
35.7193 	58.4026
38.5052 	58.4026
41.4305 	58.4026
44.502 	58.4026
47.7271 	58.4026
51.1135 	58.4026
54.6691 	58.4026
58.4026 	58.4026
62.3227 	58.4026
66.4388 	58.4026
70.7608 	58.4026
75.2988 	58.4026
80.0638 	58.4026
85.067 	58.4026
90.3203 	58.4026
95.8363 	58.4026
101.628 	58.4026
107.71 	58.4026
114.095 	58.4026
120.8 	58.4026
127.84 	58.4026
135.232 	58.4026
142.993 	58.4026
151.143 	58.4026
159.7 	58.4026
168.685 	58.4026
178.119 	58.4026
188.025 	58.4026
198.427 	58.4026
209.348 	58.4026
220.815 	58.4026
232.856 	58.4026
245.499 	58.4026
258.774 	58.4026
272.713 	58.4026
287.348 	58.4026
302.716 	58.4026
318.851 	58.4026
335.794 	58.4026
353.584 	58.4026
372.263 	58.4026
391.876 	58.4026
412.47 	58.4026
434.093 	58.4026
456.798 	58.4026
480.638 	58.4026
505.67 	58.4026
531.953 	58.4026
559.551 	58.4026
588.529 	58.4026
618.955 	58.4026
650.903 	58.4026
684.448 	58.4026
719.67 	58.4026
756.654 	58.4026
795.486 	58.4026
836.261 	58.4026
879.074 	58.4026
924.027 	58.4026
971.229 	58.4026
1000 	58.4026
0 	62.3227
1 	62.3227
2.05 	62.3227
3.1525 	62.3227
4.31013 	62.3227
5.52563 	62.3227
6.80191 	62.3227
8.14201 	62.3227
9.54911 	62.3227
11.0266 	62.3227
12.5779 	62.3227
14.2068 	62.3227
15.9171 	62.3227
17.713 	62.3227
19.5986 	62.3227
21.5786 	62.3227
23.6575 	62.3227
25.8404 	62.3227
28.1324 	62.3227
30.539 	62.3227
33.066 	62.3227
35.7193 	62.3227
38.5052 	62.3227
41.4305 	62.3227
44.502 	62.3227
47.7271 	62.3227
51.1135 	62.3227
54.6691 	62.3227
58.4026 	62.3227
62.3227 	62.3227
66.4388 	62.3227
70.7608 	62.3227
75.2988 	62.3227
80.0638 	62.3227
85.067 	62.3227
90.3203 	62.3227
95.8363 	62.3227
101.628 	62.3227
107.71 	62.3227
114.095 	62.3227
120.8 	62.3227
127.84 	62.3227
135.232 	62.3227
142.993 	62.3227
151.143 	62.3227
159.7 	62.3227
168.685 	62.3227
178.119 	62.3227
188.025 	62.3227
198.427 	62.3227
209.348 	62.3227
220.815 	62.3227
232.856 	62.3227
245.499 	62.3227
258.774 	62.3227
272.713 	62.3227
287.348 	62.3227
302.716 	62.3227
318.851 	62.3227
335.794 	62.3227
353.584 	62.3227
372.263 	62.3227
391.876 	62.3227
412.47 	62.3227
434.093 	62.3227
456.798 	62.3227
480.638 	62.3227
505.67 	62.3227
531.953 	62.3227
559.551 	62.3227
588.529 	62.3227
618.955 	62.3227
650.903 	62.3227
684.448 	62.3227
719.67 	62.3227
756.654 	62.3227
795.486 	62.3227
836.261 	62.3227
879.074 	62.3227
924.027 	62.3227
971.229 	62.3227
1000 	62.3227
0 	66.4388
1 	66.4388
2.05 	66.4388
3.1525 	66.4388
4.31013 	66.4388
5.52563 	66.4388
6.80191 	66.4388
8.14201 	66.4388
9.54911 	66.4388
11.0266 	66.4388
12.5779 	66.4388
14.2068 	66.4388
15.9171 	66.4388
17.713 	66.4388
19.5986 	66.4388
21.5786 	66.4388
23.6575 	66.4388
25.8404 	66.4388
28.1324 	66.4388
30.539 	66.4388
33.066 	66.4388
35.7193 	66.4388
38.5052 	66.4388
41.4305 	66.4388
44.502 	66.4388
47.7271 	66.4388
51.1135 	66.4388
54.6691 	66.4388
58.4026 	66.4388
62.3227 	66.4388
66.4388 	66.4388
70.7608 	66.4388
75.2988 	66.4388
80.0638 	66.4388
85.067 	66.4388
90.3203 	66.4388
95.8363 	66.4388
101.628 	66.4388
107.71 	66.4388
114.095 	66.4388
120.8 	66.4388
127.84 	66.4388
135.232 	66.4388
142.993 	66.4388
151.143 	66.4388
159.7 	66.4388
168.685 	66.4388
178.119 	66.4388
188.025 	66.4388
198.427 	66.4388
209.348 	66.4388
220.815 	66.4388
232.856 	66.4388
245.499 	66.4388
258.774 	66.4388
272.713 	66.4388
287.348 	66.4388
302.716 	66.4388
318.851 	66.4388
335.794 	66.4388
353.584 	66.4388
372.263 	66.4388
391.876 	66.4388
412.47 	66.4388
434.093 	66.4388
456.798 	66.4388
480.638 	66.4388
505.67 	66.4388
531.953 	66.4388
559.551 	66.4388
588.529 	66.4388
618.955 	66.4388
650.903 	66.4388
684.448 	66.4388
719.67 	66.4388
756.654 	66.4388
795.486 	66.4388
836.261 	66.4388
879.074 	66.4388
924.027 	66.4388
971.229 	66.4388
1000 	66.4388
0 	70.7608
1 	70.7608
2.05 	70.7608
3.1525 	70.7608
4.31013 	70.7608
5.52563 	70.7608
6.80191 	70.7608
8.14201 	70.7608
9.54911 	70.7608
11.0266 	70.7608
12.5779 	70.7608
14.2068 	70.7608
15.9171 	70.7608
17.713 	70.7608
19.5986 	70.7608
21.5786 	70.7608
23.6575 	70.7608
25.8404 	70.7608
28.1324 	70.7608
30.539 	70.7608
33.066 	70.7608
35.7193 	70.7608
38.5052 	70.7608
41.4305 	70.7608
44.502 	70.7608
47.7271 	70.7608
51.1135 	70.7608
54.6691 	70.7608
58.4026 	70.7608
62.3227 	70.7608
66.4388 	70.7608
70.7608 	70.7608
75.2988 	70.7608
80.0638 	70.7608
85.067 	70.7608
90.3203 	70.7608
95.8363 	70.7608
101.628 	70.7608
107.71 	70.7608
114.095 	70.7608
120.8 	70.7608
127.84 	70.7608
135.232 	70.7608
142.993 	70.7608
151.143 	70.7608
159.7 	70.7608
168.685 	70.7608
178.119 	70.7608
188.025 	70.7608
198.427 	70.7608
209.348 	70.7608
220.815 	70.7608
232.856 	70.7608
245.499 	70.7608
258.774 	70.7608
272.713 	70.7608
287.348 	70.7608
302.716 	70.7608
318.851 	70.7608
335.794 	70.7608
353.584 	70.7608
372.263 	70.7608
391.876 	70.7608
412.47 	70.7608
434.093 	70.7608
456.798 	70.7608
480.638 	70.7608
505.67 	70.7608
531.953 	70.7608
559.551 	70.7608
588.529 	70.7608
618.955 	70.7608
650.903 	70.7608
684.448 	70.7608
719.67 	70.7608
756.654 	70.7608
795.486 	70.7608
836.261 	70.7608
879.074 	70.7608
924.027 	70.7608
971.229 	70.7608
1000 	70.7608
0 	75.2988
1 	75.2988
2.05 	75.2988
3.1525 	75.2988
4.31013 	75.2988
5.52563 	75.2988
6.80191 	75.2988
8.14201 	75.2988
9.54911 	75.2988
11.0266 	75.2988
12.5779 	75.2988
14.2068 	75.2988
15.9171 	75.2988
17.713 	75.2988
19.5986 	75.2988
21.5786 	75.2988
23.6575 	75.2988
25.8404 	75.2988
28.1324 	75.2988
30.539 	75.2988
33.066 	75.2988
35.7193 	75.2988
38.5052 	75.2988
41.4305 	75.2988
44.502 	75.2988
47.7271 	75.2988
51.1135 	75.2988
54.6691 	75.2988
58.4026 	75.2988
62.3227 	75.2988
66.4388 	75.2988
70.7608 	75.2988
75.2988 	75.2988
80.0638 	75.2988
85.067 	75.2988
90.3203 	75.2988
95.8363 	75.2988
101.628 	75.2988
107.71 	75.2988
114.095 	75.2988
120.8 	75.2988
127.84 	75.2988
135.232 	75.2988
142.993 	75.2988
151.143 	75.2988
159.7 	75.2988
168.685 	75.2988
178.119 	75.2988
188.025 	75.2988
198.427 	75.2988
209.348 	75.2988
220.815 	75.2988
232.856 	75.2988
245.499 	75.2988
258.774 	75.2988
272.713 	75.2988
287.348 	75.2988
302.716 	75.2988
318.851 	75.2988
335.794 	75.2988
353.584 	75.2988
372.263 	75.2988
391.876 	75.2988
412.47 	75.2988
434.093 	75.2988
456.798 	75.2988
480.638 	75.2988
505.67 	75.2988
531.953 	75.2988
559.551 	75.2988
588.529 	75.2988
618.955 	75.2988
650.903 	75.2988
684.448 	75.2988
719.67 	75.2988
756.654 	75.2988
795.486 	75.2988
836.261 	75.2988
879.074 	75.2988
924.027 	75.2988
971.229 	75.2988
1000 	75.2988
0 	80.0638
1 	80.0638
2.05 	80.0638
3.1525 	80.0638
4.31013 	80.0638
5.52563 	80.0638
6.80191 	80.0638
8.14201 	80.0638
9.54911 	80.0638
11.0266 	80.0638
12.5779 	80.0638
14.2068 	80.0638
15.9171 	80.0638
17.713 	80.0638
19.5986 	80.0638
21.5786 	80.0638
23.6575 	80.0638
25.8404 	80.0638
28.1324 	80.0638
30.539 	80.0638
33.066 	80.0638
35.7193 	80.0638
38.5052 	80.0638
41.4305 	80.0638
44.502 	80.0638
47.7271 	80.0638
51.1135 	80.0638
54.6691 	80.0638
58.4026 	80.0638
62.3227 	80.0638
66.4388 	80.0638
70.7608 	80.0638
75.2988 	80.0638
80.0638 	80.0638
85.067 	80.0638
90.3203 	80.0638
95.8363 	80.0638
101.628 	80.0638
107.71 	80.0638
114.095 	80.0638
120.8 	80.0638
127.84 	80.0638
135.232 	80.0638
142.993 	80.0638
151.143 	80.0638
159.7 	80.0638
168.685 	80.0638
178.119 	80.0638
188.025 	80.0638
198.427 	80.0638
209.348 	80.0638
220.815 	80.0638
232.856 	80.0638
245.499 	80.0638
258.774 	80.0638
272.713 	80.0638
287.348 	80.0638
302.716 	80.0638
318.851 	80.0638
335.794 	80.0638
353.584 	80.0638
372.263 	80.0638
391.876 	80.0638
412.47 	80.0638
434.093 	80.0638
456.798 	80.0638
480.638 	80.0638
505.67 	80.0638
531.953 	80.0638
559.551 	80.0638
588.529 	80.0638
618.955 	80.0638
650.903 	80.0638
684.448 	80.0638
719.67 	80.0638
756.654 	80.0638
795.486 	80.0638
836.261 	80.0638
879.074 	80.0638
924.027 	80.0638
971.229 	80.0638
1000 	80.0638
0 	85.067
1 	85.067
2.05 	85.067
3.1525 	85.067
4.31013 	85.067
5.52563 	85.067
6.80191 	85.067
8.14201 	85.067
9.54911 	85.067
11.0266 	85.067
12.5779 	85.067
14.2068 	85.067
15.9171 	85.067
17.713 	85.067
19.5986 	85.067
21.5786 	85.067
23.6575 	85.067
25.8404 	85.067
28.1324 	85.067
30.539 	85.067
33.066 	85.067
35.7193 	85.067
38.5052 	85.067
41.4305 	85.067
44.502 	85.067
47.7271 	85.067
51.1135 	85.067
54.6691 	85.067
58.4026 	85.067
62.3227 	85.067
66.4388 	85.067
70.7608 	85.067
75.2988 	85.067
80.0638 	85.067
85.067 	85.067
90.3203 	85.067
95.8363 	85.067
101.628 	85.067
107.71 	85.067
114.095 	85.067
120.8 	85.067
127.84 	85.067
135.232 	85.067
142.993 	85.067
151.143 	85.067
159.7 	85.067
168.685 	85.067
178.119 	85.067
188.025 	85.067
198.427 	85.067
209.348 	85.067
220.815 	85.067
232.856 	85.067
245.499 	85.067
258.774 	85.067
272.713 	85.067
287.348 	85.067
302.716 	85.067
318.851 	85.067
335.794 	85.067
353.584 	85.067
372.263 	85.067
391.876 	85.067
412.47 	85.067
434.093 	85.067
456.798 	85.067
480.638 	85.067
505.67 	85.067
531.953 	85.067
559.551 	85.067
588.529 	85.067
618.955 	85.067
650.903 	85.067
684.448 	85.067
719.67 	85.067
756.654 	85.067
795.486 	85.067
836.261 	85.067
879.074 	85.067
924.027 	85.067
971.229 	85.067
1000 	85.067
0 	90.3203
1 	90.3203
2.05 	90.3203
3.1525 	90.3203
4.31013 	90.3203
5.52563 	90.3203
6.80191 	90.3203
8.14201 	90.3203
9.54911 	90.3203
11.0266 	90.3203
12.5779 	90.3203
14.2068 	90.3203
15.9171 	90.3203
17.713 	90.3203
19.5986 	90.3203
21.5786 	90.3203
23.6575 	90.3203
25.8404 	90.3203
28.1324 	90.3203
30.539 	90.3203
33.066 	90.3203
35.7193 	90.3203
38.5052 	90.3203
41.4305 	90.3203
44.502 	90.3203
47.7271 	90.3203
51.1135 	90.3203
54.6691 	90.3203
58.4026 	90.3203
62.3227 	90.3203
66.4388 	90.3203
70.7608 	90.3203
75.2988 	90.3203
80.0638 	90.3203
85.067 	90.3203
90.3203 	90.3203
95.8363 	90.3203
101.628 	90.3203
107.71 	90.3203
114.095 	90.3203
120.8 	90.3203
127.84 	90.3203
135.232 	90.3203
142.993 	90.3203
151.143 	90.3203
159.7 	90.3203
168.685 	90.3203
178.119 	90.3203
188.025 	90.3203
198.427 	90.3203
209.348 	90.3203
220.815 	90.3203
232.856 	90.3203
245.499 	90.3203
258.774 	90.3203
272.713 	90.3203
287.348 	90.3203
302.716 	90.3203
318.851 	90.3203
335.794 	90.3203
353.584 	90.3203
372.263 	90.3203
391.876 	90.3203
412.47 	90.3203
434.093 	90.3203
456.798 	90.3203
480.638 	90.3203
505.67 	90.3203
531.953 	90.3203
559.551 	90.3203
588.529 	90.3203
618.955 	90.3203
650.903 	90.3203
684.448 	90.3203
719.67 	90.3203
756.654 	90.3203
795.486 	90.3203
836.261 	90.3203
879.074 	90.3203
924.027 	90.3203
971.229 	90.3203
1000 	90.3203
0 	95.8363
1 	95.8363
2.05 	95.8363
3.1525 	95.8363
4.31013 	95.8363
5.52563 	95.8363
6.80191 	95.8363
8.14201 	95.8363
9.54911 	95.8363
11.0266 	95.8363
12.5779 	95.8363
14.2068 	95.8363
15.9171 	95.8363
17.713 	95.8363
19.5986 	95.8363
21.5786 	95.8363
23.6575 	95.8363
25.8404 	95.8363
28.1324 	95.8363
30.539 	95.8363
33.066 	95.8363
35.7193 	95.8363
38.5052 	95.8363
41.4305 	95.8363
44.502 	95.8363
47.7271 	95.8363
51.1135 	95.8363
54.6691 	95.8363
58.4026 	95.8363
62.3227 	95.8363
66.4388 	95.8363
70.7608 	95.8363
75.2988 	95.8363
80.0638 	95.8363
85.067 	95.8363
90.3203 	95.8363
95.8363 	95.8363
101.628 	95.8363
107.71 	95.8363
114.095 	95.8363
120.8 	95.8363
127.84 	95.8363
135.232 	95.8363
142.993 	95.8363
151.143 	95.8363
159.7 	95.8363
168.685 	95.8363
178.119 	95.8363
188.025 	95.8363
198.427 	95.8363
209.348 	95.8363
220.815 	95.8363
232.856 	95.8363
245.499 	95.8363
258.774 	95.8363
272.713 	95.8363
287.348 	95.8363
302.716 	95.8363
318.851 	95.8363
335.794 	95.8363
353.584 	95.8363
372.263 	95.8363
391.876 	95.8363
412.47 	95.8363
434.093 	95.8363
456.798 	95.8363
480.638 	95.8363
505.67 	95.8363
531.953 	95.8363
559.551 	95.8363
588.529 	95.8363
618.955 	95.8363
650.903 	95.8363
684.448 	95.8363
719.67 	95.8363
756.654 	95.8363
795.486 	95.8363
836.261 	95.8363
879.074 	95.8363
924.027 	95.8363
971.229 	95.8363
1000 	95.8363
0 	100
1 	100
2.05 	100
3.1525 	100
4.31013 	100
5.52563 	100
6.80191 	100
8.14201 	100
9.54911 	100
11.0266 	100
12.5779 	100
14.2068 	100
15.9171 	100
17.713 	100
19.5986 	100
21.5786 	100
23.6575 	100
25.8404 	100
28.1324 	100
30.539 	100
33.066 	100
35.7193 	100
38.5052 	100
41.4305 	100
44.502 	100
47.7271 	100
51.1135 	100
54.6691 	100
58.4026 	100
62.3227 	100
66.4388 	100
70.7608 	100
75.2988 	100
80.0638 	100
85.067 	100
90.3203 	100
95.8363 	100
101.628 	100
107.71 	100
114.095 	100
120.8 	100
127.84 	100
135.232 	100
142.993 	100
151.143 	100
159.7 	100
168.685 	100
178.119 	100
188.025 	100
198.427 	100
209.348 	100
220.815 	100
232.856 	100
245.499 	100
258.774 	100
272.713 	100
287.348 	100
302.716 	100
318.851 	100
335.794 	100
353.584 	100
372.263 	100
391.876 	100
412.47 	100
434.093 	100
456.798 	100
480.638 	100
505.67 	100
531.953 	100
559.551 	100
588.529 	100
618.955 	100
650.903 	100
684.448 	100
719.67 	100
756.654 	100
795.486 	100
836.261 	100
879.074 	100
924.027 	100
971.229 	100
1000 	100
0 	105.516
1 	105.516
2.05 	105.516
3.1525 	105.516
4.31013 	105.516
5.52563 	105.516
6.80191 	105.516
8.14201 	105.516
9.54911 	105.516
11.0266 	105.516
12.5779 	105.516
14.2068 	105.516
15.9171 	105.516
17.713 	105.516
19.5986 	105.516
21.5786 	105.516
23.6575 	105.516
25.8404 	105.516
28.1324 	105.516
30.539 	105.516
33.066 	105.516
35.7193 	105.516
38.5052 	105.516
41.4305 	105.516
44.502 	105.516
47.7271 	105.516
51.1135 	105.516
54.6691 	105.516
58.4026 	105.516
62.3227 	105.516
66.4388 	105.516
70.7608 	105.516
75.2988 	105.516
80.0638 	105.516
85.067 	105.516
90.3203 	105.516
95.8363 	105.516
101.628 	105.516
107.71 	105.516
114.095 	105.516
120.8 	105.516
127.84 	105.516
135.232 	105.516
142.993 	105.516
151.143 	105.516
159.7 	105.516
168.685 	105.516
178.119 	105.516
188.025 	105.516
198.427 	105.516
209.348 	105.516
220.815 	105.516
232.856 	105.516
245.499 	105.516
258.774 	105.516
272.713 	105.516
287.348 	105.516
302.716 	105.516
318.851 	105.516
335.794 	105.516
353.584 	105.516
372.263 	105.516
391.876 	105.516
412.47 	105.516
434.093 	105.516
456.798 	105.516
480.638 	105.516
505.67 	105.516
531.953 	105.516
559.551 	105.516
588.529 	105.516
618.955 	105.516
650.903 	105.516
684.448 	105.516
719.67 	105.516
756.654 	105.516
795.486 	105.516
836.261 	105.516
879.074 	105.516
924.027 	105.516
971.229 	105.516
1000 	105.516
0 	111.308
1 	111.308
2.05 	111.308
3.1525 	111.308
4.31013 	111.308
5.52563 	111.308
6.80191 	111.308
8.14201 	111.308
9.54911 	111.308
11.0266 	111.308
12.5779 	111.308
14.2068 	111.308
15.9171 	111.308
17.713 	111.308
19.5986 	111.308
21.5786 	111.308
23.6575 	111.308
25.8404 	111.308
28.1324 	111.308
30.539 	111.308
33.066 	111.308
35.7193 	111.308
38.5052 	111.308
41.4305 	111.308
44.502 	111.308
47.7271 	111.308
51.1135 	111.308
54.6691 	111.308
58.4026 	111.308
62.3227 	111.308
66.4388 	111.308
70.7608 	111.308
75.2988 	111.308
80.0638 	111.308
85.067 	111.308
90.3203 	111.308
95.8363 	111.308
101.628 	111.308
107.71 	111.308
114.095 	111.308
120.8 	111.308
127.84 	111.308
135.232 	111.308
142.993 	111.308
151.143 	111.308
159.7 	111.308
168.685 	111.308
178.119 	111.308
188.025 	111.308
198.427 	111.308
209.348 	111.308
220.815 	111.308
232.856 	111.308
245.499 	111.308
258.774 	111.308
272.713 	111.308
287.348 	111.308
302.716 	111.308
318.851 	111.308
335.794 	111.308
353.584 	111.308
372.263 	111.308
391.876 	111.308
412.47 	111.308
434.093 	111.308
456.798 	111.308
480.638 	111.308
505.67 	111.308
531.953 	111.308
559.551 	111.308
588.529 	111.308
618.955 	111.308
650.903 	111.308
684.448 	111.308
719.67 	111.308
756.654 	111.308
795.486 	111.308
836.261 	111.308
879.074 	111.308
924.027 	111.308
971.229 	111.308
1000 	111.308
0 	117.389
1 	117.389
2.05 	117.389
3.1525 	117.389
4.31013 	117.389
5.52563 	117.389
6.80191 	117.389
8.14201 	117.389
9.54911 	117.389
11.0266 	117.389
12.5779 	117.389
14.2068 	117.389
15.9171 	117.389
17.713 	117.389
19.5986 	117.389
21.5786 	117.389
23.6575 	117.389
25.8404 	117.389
28.1324 	117.389
30.539 	117.389
33.066 	117.389
35.7193 	117.389
38.5052 	117.389
41.4305 	117.389
44.502 	117.389
47.7271 	117.389
51.1135 	117.389
54.6691 	117.389
58.4026 	117.389
62.3227 	117.389
66.4388 	117.389
70.7608 	117.389
75.2988 	117.389
80.0638 	117.389
85.067 	117.389
90.3203 	117.389
95.8363 	117.389
101.628 	117.389
107.71 	117.389
114.095 	117.389
120.8 	117.389
127.84 	117.389
135.232 	117.389
142.993 	117.389
151.143 	117.389
159.7 	117.389
168.685 	117.389
178.119 	117.389
188.025 	117.389
198.427 	117.389
209.348 	117.389
220.815 	117.389
232.856 	117.389
245.499 	117.389
258.774 	117.389
272.713 	117.389
287.348 	117.389
302.716 	117.389
318.851 	117.389
335.794 	117.389
353.584 	117.389
372.263 	117.389
391.876 	117.389
412.47 	117.389
434.093 	117.389
456.798 	117.389
480.638 	117.389
505.67 	117.389
531.953 	117.389
559.551 	117.389
588.529 	117.389
618.955 	117.389
650.903 	117.389
684.448 	117.389
719.67 	117.389
756.654 	117.389
795.486 	117.389
836.261 	117.389
879.074 	117.389
924.027 	117.389
971.229 	117.389
1000 	117.389
0 	123.775
1 	123.775
2.05 	123.775
3.1525 	123.775
4.31013 	123.775
5.52563 	123.775
6.80191 	123.775
8.14201 	123.775
9.54911 	123.775
11.0266 	123.775
12.5779 	123.775
14.2068 	123.775
15.9171 	123.775
17.713 	123.775
19.5986 	123.775
21.5786 	123.775
23.6575 	123.775
25.8404 	123.775
28.1324 	123.775
30.539 	123.775
33.066 	123.775
35.7193 	123.775
38.5052 	123.775
41.4305 	123.775
44.502 	123.775
47.7271 	123.775
51.1135 	123.775
54.6691 	123.775
58.4026 	123.775
62.3227 	123.775
66.4388 	123.775
70.7608 	123.775
75.2988 	123.775
80.0638 	123.775
85.067 	123.775
90.3203 	123.775
95.8363 	123.775
101.628 	123.775
107.71 	123.775
114.095 	123.775
120.8 	123.775
127.84 	123.775
135.232 	123.775
142.993 	123.775
151.143 	123.775
159.7 	123.775
168.685 	123.775
178.119 	123.775
188.025 	123.775
198.427 	123.775
209.348 	123.775
220.815 	123.775
232.856 	123.775
245.499 	123.775
258.774 	123.775
272.713 	123.775
287.348 	123.775
302.716 	123.775
318.851 	123.775
335.794 	123.775
353.584 	123.775
372.263 	123.775
391.876 	123.775
412.47 	123.775
434.093 	123.775
456.798 	123.775
480.638 	123.775
505.67 	123.775
531.953 	123.775
559.551 	123.775
588.529 	123.775
618.955 	123.775
650.903 	123.775
684.448 	123.775
719.67 	123.775
756.654 	123.775
795.486 	123.775
836.261 	123.775
879.074 	123.775
924.027 	123.775
971.229 	123.775
1000 	123.775
0 	130.479
1 	130.479
2.05 	130.479
3.1525 	130.479
4.31013 	130.479
5.52563 	130.479
6.80191 	130.479
8.14201 	130.479
9.54911 	130.479
11.0266 	130.479
12.5779 	130.479
14.2068 	130.479
15.9171 	130.479
17.713 	130.479
19.5986 	130.479
21.5786 	130.479
23.6575 	130.479
25.8404 	130.479
28.1324 	130.479
30.539 	130.479
33.066 	130.479
35.7193 	130.479
38.5052 	130.479
41.4305 	130.479
44.502 	130.479
47.7271 	130.479
51.1135 	130.479
54.6691 	130.479
58.4026 	130.479
62.3227 	130.479
66.4388 	130.479
70.7608 	130.479
75.2988 	130.479
80.0638 	130.479
85.067 	130.479
90.3203 	130.479
95.8363 	130.479
101.628 	130.479
107.71 	130.479
114.095 	130.479
120.8 	130.479
127.84 	130.479
135.232 	130.479
142.993 	130.479
151.143 	130.479
159.7 	130.479
168.685 	130.479
178.119 	130.479
188.025 	130.479
198.427 	130.479
209.348 	130.479
220.815 	130.479
232.856 	130.479
245.499 	130.479
258.774 	130.479
272.713 	130.479
287.348 	130.479
302.716 	130.479
318.851 	130.479
335.794 	130.479
353.584 	130.479
372.263 	130.479
391.876 	130.479
412.47 	130.479
434.093 	130.479
456.798 	130.479
480.638 	130.479
505.67 	130.479
531.953 	130.479
559.551 	130.479
588.529 	130.479
618.955 	130.479
650.903 	130.479
684.448 	130.479
719.67 	130.479
756.654 	130.479
795.486 	130.479
836.261 	130.479
879.074 	130.479
924.027 	130.479
971.229 	130.479
1000 	130.479
0 	137.519
1 	137.519
2.05 	137.519
3.1525 	137.519
4.31013 	137.519
5.52563 	137.519
6.80191 	137.519
8.14201 	137.519
9.54911 	137.519
11.0266 	137.519
12.5779 	137.519
14.2068 	137.519
15.9171 	137.519
17.713 	137.519
19.5986 	137.519
21.5786 	137.519
23.6575 	137.519
25.8404 	137.519
28.1324 	137.519
30.539 	137.519
33.066 	137.519
35.7193 	137.519
38.5052 	137.519
41.4305 	137.519
44.502 	137.519
47.7271 	137.519
51.1135 	137.519
54.6691 	137.519
58.4026 	137.519
62.3227 	137.519
66.4388 	137.519
70.7608 	137.519
75.2988 	137.519
80.0638 	137.519
85.067 	137.519
90.3203 	137.519
95.8363 	137.519
101.628 	137.519
107.71 	137.519
114.095 	137.519
120.8 	137.519
127.84 	137.519
135.232 	137.519
142.993 	137.519
151.143 	137.519
159.7 	137.519
168.685 	137.519
178.119 	137.519
188.025 	137.519
198.427 	137.519
209.348 	137.519
220.815 	137.519
232.856 	137.519
245.499 	137.519
258.774 	137.519
272.713 	137.519
287.348 	137.519
302.716 	137.519
318.851 	137.519
335.794 	137.519
353.584 	137.519
372.263 	137.519
391.876 	137.519
412.47 	137.519
434.093 	137.519
456.798 	137.519
480.638 	137.519
505.67 	137.519
531.953 	137.519
559.551 	137.519
588.529 	137.519
618.955 	137.519
650.903 	137.519
684.448 	137.519
719.67 	137.519
756.654 	137.519
795.486 	137.519
836.261 	137.519
879.074 	137.519
924.027 	137.519
971.229 	137.519
1000 	137.519
0 	144.911
1 	144.911
2.05 	144.911
3.1525 	144.911
4.31013 	144.911
5.52563 	144.911
6.80191 	144.911
8.14201 	144.911
9.54911 	144.911
11.0266 	144.911
12.5779 	144.911
14.2068 	144.911
15.9171 	144.911
17.713 	144.911
19.5986 	144.911
21.5786 	144.911
23.6575 	144.911
25.8404 	144.911
28.1324 	144.911
30.539 	144.911
33.066 	144.911
35.7193 	144.911
38.5052 	144.911
41.4305 	144.911
44.502 	144.911
47.7271 	144.911
51.1135 	144.911
54.6691 	144.911
58.4026 	144.911
62.3227 	144.911
66.4388 	144.911
70.7608 	144.911
75.2988 	144.911
80.0638 	144.911
85.067 	144.911
90.3203 	144.911
95.8363 	144.911
101.628 	144.911
107.71 	144.911
114.095 	144.911
120.8 	144.911
127.84 	144.911
135.232 	144.911
142.993 	144.911
151.143 	144.911
159.7 	144.911
168.685 	144.911
178.119 	144.911
188.025 	144.911
198.427 	144.911
209.348 	144.911
220.815 	144.911
232.856 	144.911
245.499 	144.911
258.774 	144.911
272.713 	144.911
287.348 	144.911
302.716 	144.911
318.851 	144.911
335.794 	144.911
353.584 	144.911
372.263 	144.911
391.876 	144.911
412.47 	144.911
434.093 	144.911
456.798 	144.911
480.638 	144.911
505.67 	144.911
531.953 	144.911
559.551 	144.911
588.529 	144.911
618.955 	144.911
650.903 	144.911
684.448 	144.911
719.67 	144.911
756.654 	144.911
795.486 	144.911
836.261 	144.911
879.074 	144.911
924.027 	144.911
971.229 	144.911
1000 	144.911
0 	152.673
1 	152.673
2.05 	152.673
3.1525 	152.673
4.31013 	152.673
5.52563 	152.673
6.80191 	152.673
8.14201 	152.673
9.54911 	152.673
11.0266 	152.673
12.5779 	152.673
14.2068 	152.673
15.9171 	152.673
17.713 	152.673
19.5986 	152.673
21.5786 	152.673
23.6575 	152.673
25.8404 	152.673
28.1324 	152.673
30.539 	152.673
33.066 	152.673
35.7193 	152.673
38.5052 	152.673
41.4305 	152.673
44.502 	152.673
47.7271 	152.673
51.1135 	152.673
54.6691 	152.673
58.4026 	152.673
62.3227 	152.673
66.4388 	152.673
70.7608 	152.673
75.2988 	152.673
80.0638 	152.673
85.067 	152.673
90.3203 	152.673
95.8363 	152.673
101.628 	152.673
107.71 	152.673
114.095 	152.673
120.8 	152.673
127.84 	152.673
135.232 	152.673
142.993 	152.673
151.143 	152.673
159.7 	152.673
168.685 	152.673
178.119 	152.673
188.025 	152.673
198.427 	152.673
209.348 	152.673
220.815 	152.673
232.856 	152.673
245.499 	152.673
258.774 	152.673
272.713 	152.673
287.348 	152.673
302.716 	152.673
318.851 	152.673
335.794 	152.673
353.584 	152.673
372.263 	152.673
391.876 	152.673
412.47 	152.673
434.093 	152.673
456.798 	152.673
480.638 	152.673
505.67 	152.673
531.953 	152.673
559.551 	152.673
588.529 	152.673
618.955 	152.673
650.903 	152.673
684.448 	152.673
719.67 	152.673
756.654 	152.673
795.486 	152.673
836.261 	152.673
879.074 	152.673
924.027 	152.673
971.229 	152.673
1000 	152.673
0 	160.823
1 	160.823
2.05 	160.823
3.1525 	160.823
4.31013 	160.823
5.52563 	160.823
6.80191 	160.823
8.14201 	160.823
9.54911 	160.823
11.0266 	160.823
12.5779 	160.823
14.2068 	160.823
15.9171 	160.823
17.713 	160.823
19.5986 	160.823
21.5786 	160.823
23.6575 	160.823
25.8404 	160.823
28.1324 	160.823
30.539 	160.823
33.066 	160.823
35.7193 	160.823
38.5052 	160.823
41.4305 	160.823
44.502 	160.823
47.7271 	160.823
51.1135 	160.823
54.6691 	160.823
58.4026 	160.823
62.3227 	160.823
66.4388 	160.823
70.7608 	160.823
75.2988 	160.823
80.0638 	160.823
85.067 	160.823
90.3203 	160.823
95.8363 	160.823
101.628 	160.823
107.71 	160.823
114.095 	160.823
120.8 	160.823
127.84 	160.823
135.232 	160.823
142.993 	160.823
151.143 	160.823
159.7 	160.823
168.685 	160.823
178.119 	160.823
188.025 	160.823
198.427 	160.823
209.348 	160.823
220.815 	160.823
232.856 	160.823
245.499 	160.823
258.774 	160.823
272.713 	160.823
287.348 	160.823
302.716 	160.823
318.851 	160.823
335.794 	160.823
353.584 	160.823
372.263 	160.823
391.876 	160.823
412.47 	160.823
434.093 	160.823
456.798 	160.823
480.638 	160.823
505.67 	160.823
531.953 	160.823
559.551 	160.823
588.529 	160.823
618.955 	160.823
650.903 	160.823
684.448 	160.823
719.67 	160.823
756.654 	160.823
795.486 	160.823
836.261 	160.823
879.074 	160.823
924.027 	160.823
971.229 	160.823
1000 	160.823
0 	169.38
1 	169.38
2.05 	169.38
3.1525 	169.38
4.31013 	169.38
5.52563 	169.38
6.80191 	169.38
8.14201 	169.38
9.54911 	169.38
11.0266 	169.38
12.5779 	169.38
14.2068 	169.38
15.9171 	169.38
17.713 	169.38
19.5986 	169.38
21.5786 	169.38
23.6575 	169.38
25.8404 	169.38
28.1324 	169.38
30.539 	169.38
33.066 	169.38
35.7193 	169.38
38.5052 	169.38
41.4305 	169.38
44.502 	169.38
47.7271 	169.38
51.1135 	169.38
54.6691 	169.38
58.4026 	169.38
62.3227 	169.38
66.4388 	169.38
70.7608 	169.38
75.2988 	169.38
80.0638 	169.38
85.067 	169.38
90.3203 	169.38
95.8363 	169.38
101.628 	169.38
107.71 	169.38
114.095 	169.38
120.8 	169.38
127.84 	169.38
135.232 	169.38
142.993 	169.38
151.143 	169.38
159.7 	169.38
168.685 	169.38
178.119 	169.38
188.025 	169.38
198.427 	169.38
209.348 	169.38
220.815 	169.38
232.856 	169.38
245.499 	169.38
258.774 	169.38
272.713 	169.38
287.348 	169.38
302.716 	169.38
318.851 	169.38
335.794 	169.38
353.584 	169.38
372.263 	169.38
391.876 	169.38
412.47 	169.38
434.093 	169.38
456.798 	169.38
480.638 	169.38
505.67 	169.38
531.953 	169.38
559.551 	169.38
588.529 	169.38
618.955 	169.38
650.903 	169.38
684.448 	169.38
719.67 	169.38
756.654 	169.38
795.486 	169.38
836.261 	169.38
879.074 	169.38
924.027 	169.38
971.229 	169.38
1000 	169.38
0 	178.365
1 	178.365
2.05 	178.365
3.1525 	178.365
4.31013 	178.365
5.52563 	178.365
6.80191 	178.365
8.14201 	178.365
9.54911 	178.365
11.0266 	178.365
12.5779 	178.365
14.2068 	178.365
15.9171 	178.365
17.713 	178.365
19.5986 	178.365
21.5786 	178.365
23.6575 	178.365
25.8404 	178.365
28.1324 	178.365
30.539 	178.365
33.066 	178.365
35.7193 	178.365
38.5052 	178.365
41.4305 	178.365
44.502 	178.365
47.7271 	178.365
51.1135 	178.365
54.6691 	178.365
58.4026 	178.365
62.3227 	178.365
66.4388 	178.365
70.7608 	178.365
75.2988 	178.365
80.0638 	178.365
85.067 	178.365
90.3203 	178.365
95.8363 	178.365
101.628 	178.365
107.71 	178.365
114.095 	178.365
120.8 	178.365
127.84 	178.365
135.232 	178.365
142.993 	178.365
151.143 	178.365
159.7 	178.365
168.685 	178.365
178.119 	178.365
188.025 	178.365
198.427 	178.365
209.348 	178.365
220.815 	178.365
232.856 	178.365
245.499 	178.365
258.774 	178.365
272.713 	178.365
287.348 	178.365
302.716 	178.365
318.851 	178.365
335.794 	178.365
353.584 	178.365
372.263 	178.365
391.876 	178.365
412.47 	178.365
434.093 	178.365
456.798 	178.365
480.638 	178.365
505.67 	178.365
531.953 	178.365
559.551 	178.365
588.529 	178.365
618.955 	178.365
650.903 	178.365
684.448 	178.365
719.67 	178.365
756.654 	178.365
795.486 	178.365
836.261 	178.365
879.074 	178.365
924.027 	178.365
971.229 	178.365
1000 	178.365
0 	187.799
1 	187.799
2.05 	187.799
3.1525 	187.799
4.31013 	187.799
5.52563 	187.799
6.80191 	187.799
8.14201 	187.799
9.54911 	187.799
11.0266 	187.799
12.5779 	187.799
14.2068 	187.799
15.9171 	187.799
17.713 	187.799
19.5986 	187.799
21.5786 	187.799
23.6575 	187.799
25.8404 	187.799
28.1324 	187.799
30.539 	187.799
33.066 	187.799
35.7193 	187.799
38.5052 	187.799
41.4305 	187.799
44.502 	187.799
47.7271 	187.799
51.1135 	187.799
54.6691 	187.799
58.4026 	187.799
62.3227 	187.799
66.4388 	187.799
70.7608 	187.799
75.2988 	187.799
80.0638 	187.799
85.067 	187.799
90.3203 	187.799
95.8363 	187.799
101.628 	187.799
107.71 	187.799
114.095 	187.799
120.8 	187.799
127.84 	187.799
135.232 	187.799
142.993 	187.799
151.143 	187.799
159.7 	187.799
168.685 	187.799
178.119 	187.799
188.025 	187.799
198.427 	187.799
209.348 	187.799
220.815 	187.799
232.856 	187.799
245.499 	187.799
258.774 	187.799
272.713 	187.799
287.348 	187.799
302.716 	187.799
318.851 	187.799
335.794 	187.799
353.584 	187.799
372.263 	187.799
391.876 	187.799
412.47 	187.799
434.093 	187.799
456.798 	187.799
480.638 	187.799
505.67 	187.799
531.953 	187.799
559.551 	187.799
588.529 	187.799
618.955 	187.799
650.903 	187.799
684.448 	187.799
719.67 	187.799
756.654 	187.799
795.486 	187.799
836.261 	187.799
879.074 	187.799
924.027 	187.799
971.229 	187.799
1000 	187.799
0 	197.705
1 	197.705
2.05 	197.705
3.1525 	197.705
4.31013 	197.705
5.52563 	197.705
6.80191 	197.705
8.14201 	197.705
9.54911 	197.705
11.0266 	197.705
12.5779 	197.705
14.2068 	197.705
15.9171 	197.705
17.713 	197.705
19.5986 	197.705
21.5786 	197.705
23.6575 	197.705
25.8404 	197.705
28.1324 	197.705
30.539 	197.705
33.066 	197.705
35.7193 	197.705
38.5052 	197.705
41.4305 	197.705
44.502 	197.705
47.7271 	197.705
51.1135 	197.705
54.6691 	197.705
58.4026 	197.705
62.3227 	197.705
66.4388 	197.705
70.7608 	197.705
75.2988 	197.705
80.0638 	197.705
85.067 	197.705
90.3203 	197.705
95.8363 	197.705
101.628 	197.705
107.71 	197.705
114.095 	197.705
120.8 	197.705
127.84 	197.705
135.232 	197.705
142.993 	197.705
151.143 	197.705
159.7 	197.705
168.685 	197.705
178.119 	197.705
188.025 	197.705
198.427 	197.705
209.348 	197.705
220.815 	197.705
232.856 	197.705
245.499 	197.705
258.774 	197.705
272.713 	197.705
287.348 	197.705
302.716 	197.705
318.851 	197.705
335.794 	197.705
353.584 	197.705
372.263 	197.705
391.876 	197.705
412.47 	197.705
434.093 	197.705
456.798 	197.705
480.638 	197.705
505.67 	197.705
531.953 	197.705
559.551 	197.705
588.529 	197.705
618.955 	197.705
650.903 	197.705
684.448 	197.705
719.67 	197.705
756.654 	197.705
795.486 	197.705
836.261 	197.705
879.074 	197.705
924.027 	197.705
971.229 	197.705
1000 	197.705
0 	208.106
1 	208.106
2.05 	208.106
3.1525 	208.106
4.31013 	208.106
5.52563 	208.106
6.80191 	208.106
8.14201 	208.106
9.54911 	208.106
11.0266 	208.106
12.5779 	208.106
14.2068 	208.106
15.9171 	208.106
17.713 	208.106
19.5986 	208.106
21.5786 	208.106
23.6575 	208.106
25.8404 	208.106
28.1324 	208.106
30.539 	208.106
33.066 	208.106
35.7193 	208.106
38.5052 	208.106
41.4305 	208.106
44.502 	208.106
47.7271 	208.106
51.1135 	208.106
54.6691 	208.106
58.4026 	208.106
62.3227 	208.106
66.4388 	208.106
70.7608 	208.106
75.2988 	208.106
80.0638 	208.106
85.067 	208.106
90.3203 	208.106
95.8363 	208.106
101.628 	208.106
107.71 	208.106
114.095 	208.106
120.8 	208.106
127.84 	208.106
135.232 	208.106
142.993 	208.106
151.143 	208.106
159.7 	208.106
168.685 	208.106
178.119 	208.106
188.025 	208.106
198.427 	208.106
209.348 	208.106
220.815 	208.106
232.856 	208.106
245.499 	208.106
258.774 	208.106
272.713 	208.106
287.348 	208.106
302.716 	208.106
318.851 	208.106
335.794 	208.106
353.584 	208.106
372.263 	208.106
391.876 	208.106
412.47 	208.106
434.093 	208.106
456.798 	208.106
480.638 	208.106
505.67 	208.106
531.953 	208.106
559.551 	208.106
588.529 	208.106
618.955 	208.106
650.903 	208.106
684.448 	208.106
719.67 	208.106
756.654 	208.106
795.486 	208.106
836.261 	208.106
879.074 	208.106
924.027 	208.106
971.229 	208.106
1000 	208.106
0 	219.028
1 	219.028
2.05 	219.028
3.1525 	219.028
4.31013 	219.028
5.52563 	219.028
6.80191 	219.028
8.14201 	219.028
9.54911 	219.028
11.0266 	219.028
12.5779 	219.028
14.2068 	219.028
15.9171 	219.028
17.713 	219.028
19.5986 	219.028
21.5786 	219.028
23.6575 	219.028
25.8404 	219.028
28.1324 	219.028
30.539 	219.028
33.066 	219.028
35.7193 	219.028
38.5052 	219.028
41.4305 	219.028
44.502 	219.028
47.7271 	219.028
51.1135 	219.028
54.6691 	219.028
58.4026 	219.028
62.3227 	219.028
66.4388 	219.028
70.7608 	219.028
75.2988 	219.028
80.0638 	219.028
85.067 	219.028
90.3203 	219.028
95.8363 	219.028
101.628 	219.028
107.71 	219.028
114.095 	219.028
120.8 	219.028
127.84 	219.028
135.232 	219.028
142.993 	219.028
151.143 	219.028
159.7 	219.028
168.685 	219.028
178.119 	219.028
188.025 	219.028
198.427 	219.028
209.348 	219.028
220.815 	219.028
232.856 	219.028
245.499 	219.028
258.774 	219.028
272.713 	219.028
287.348 	219.028
302.716 	219.028
318.851 	219.028
335.794 	219.028
353.584 	219.028
372.263 	219.028
391.876 	219.028
412.47 	219.028
434.093 	219.028
456.798 	219.028
480.638 	219.028
505.67 	219.028
531.953 	219.028
559.551 	219.028
588.529 	219.028
618.955 	219.028
650.903 	219.028
684.448 	219.028
719.67 	219.028
756.654 	219.028
795.486 	219.028
836.261 	219.028
879.074 	219.028
924.027 	219.028
971.229 	219.028
1000 	219.028
0 	230.495
1 	230.495
2.05 	230.495
3.1525 	230.495
4.31013 	230.495
5.52563 	230.495
6.80191 	230.495
8.14201 	230.495
9.54911 	230.495
11.0266 	230.495
12.5779 	230.495
14.2068 	230.495
15.9171 	230.495
17.713 	230.495
19.5986 	230.495
21.5786 	230.495
23.6575 	230.495
25.8404 	230.495
28.1324 	230.495
30.539 	230.495
33.066 	230.495
35.7193 	230.495
38.5052 	230.495
41.4305 	230.495
44.502 	230.495
47.7271 	230.495
51.1135 	230.495
54.6691 	230.495
58.4026 	230.495
62.3227 	230.495
66.4388 	230.495
70.7608 	230.495
75.2988 	230.495
80.0638 	230.495
85.067 	230.495
90.3203 	230.495
95.8363 	230.495
101.628 	230.495
107.71 	230.495
114.095 	230.495
120.8 	230.495
127.84 	230.495
135.232 	230.495
142.993 	230.495
151.143 	230.495
159.7 	230.495
168.685 	230.495
178.119 	230.495
188.025 	230.495
198.427 	230.495
209.348 	230.495
220.815 	230.495
232.856 	230.495
245.499 	230.495
258.774 	230.495
272.713 	230.495
287.348 	230.495
302.716 	230.495
318.851 	230.495
335.794 	230.495
353.584 	230.495
372.263 	230.495
391.876 	230.495
412.47 	230.495
434.093 	230.495
456.798 	230.495
480.638 	230.495
505.67 	230.495
531.953 	230.495
559.551 	230.495
588.529 	230.495
618.955 	230.495
650.903 	230.495
684.448 	230.495
719.67 	230.495
756.654 	230.495
795.486 	230.495
836.261 	230.495
879.074 	230.495
924.027 	230.495
971.229 	230.495
1000 	230.495
0 	242.536
1 	242.536
2.05 	242.536
3.1525 	242.536
4.31013 	242.536
5.52563 	242.536
6.80191 	242.536
8.14201 	242.536
9.54911 	242.536
11.0266 	242.536
12.5779 	242.536
14.2068 	242.536
15.9171 	242.536
17.713 	242.536
19.5986 	242.536
21.5786 	242.536
23.6575 	242.536
25.8404 	242.536
28.1324 	242.536
30.539 	242.536
33.066 	242.536
35.7193 	242.536
38.5052 	242.536
41.4305 	242.536
44.502 	242.536
47.7271 	242.536
51.1135 	242.536
54.6691 	242.536
58.4026 	242.536
62.3227 	242.536
66.4388 	242.536
70.7608 	242.536
75.2988 	242.536
80.0638 	242.536
85.067 	242.536
90.3203 	242.536
95.8363 	242.536
101.628 	242.536
107.71 	242.536
114.095 	242.536
120.8 	242.536
127.84 	242.536
135.232 	242.536
142.993 	242.536
151.143 	242.536
159.7 	242.536
168.685 	242.536
178.119 	242.536
188.025 	242.536
198.427 	242.536
209.348 	242.536
220.815 	242.536
232.856 	242.536
245.499 	242.536
258.774 	242.536
272.713 	242.536
287.348 	242.536
302.716 	242.536
318.851 	242.536
335.794 	242.536
353.584 	242.536
372.263 	242.536
391.876 	242.536
412.47 	242.536
434.093 	242.536
456.798 	242.536
480.638 	242.536
505.67 	242.536
531.953 	242.536
559.551 	242.536
588.529 	242.536
618.955 	242.536
650.903 	242.536
684.448 	242.536
719.67 	242.536
756.654 	242.536
795.486 	242.536
836.261 	242.536
879.074 	242.536
924.027 	242.536
971.229 	242.536
1000 	242.536
0 	255.179
1 	255.179
2.05 	255.179
3.1525 	255.179
4.31013 	255.179
5.52563 	255.179
6.80191 	255.179
8.14201 	255.179
9.54911 	255.179
11.0266 	255.179
12.5779 	255.179
14.2068 	255.179
15.9171 	255.179
17.713 	255.179
19.5986 	255.179
21.5786 	255.179
23.6575 	255.179
25.8404 	255.179
28.1324 	255.179
30.539 	255.179
33.066 	255.179
35.7193 	255.179
38.5052 	255.179
41.4305 	255.179
44.502 	255.179
47.7271 	255.179
51.1135 	255.179
54.6691 	255.179
58.4026 	255.179
62.3227 	255.179
66.4388 	255.179
70.7608 	255.179
75.2988 	255.179
80.0638 	255.179
85.067 	255.179
90.3203 	255.179
95.8363 	255.179
101.628 	255.179
107.71 	255.179
114.095 	255.179
120.8 	255.179
127.84 	255.179
135.232 	255.179
142.993 	255.179
151.143 	255.179
159.7 	255.179
168.685 	255.179
178.119 	255.179
188.025 	255.179
198.427 	255.179
209.348 	255.179
220.815 	255.179
232.856 	255.179
245.499 	255.179
258.774 	255.179
272.713 	255.179
287.348 	255.179
302.716 	255.179
318.851 	255.179
335.794 	255.179
353.584 	255.179
372.263 	255.179
391.876 	255.179
412.47 	255.179
434.093 	255.179
456.798 	255.179
480.638 	255.179
505.67 	255.179
531.953 	255.179
559.551 	255.179
588.529 	255.179
618.955 	255.179
650.903 	255.179
684.448 	255.179
719.67 	255.179
756.654 	255.179
795.486 	255.179
836.261 	255.179
879.074 	255.179
924.027 	255.179
971.229 	255.179
1000 	255.179
0 	268.454
1 	268.454
2.05 	268.454
3.1525 	268.454
4.31013 	268.454
5.52563 	268.454
6.80191 	268.454
8.14201 	268.454
9.54911 	268.454
11.0266 	268.454
12.5779 	268.454
14.2068 	268.454
15.9171 	268.454
17.713 	268.454
19.5986 	268.454
21.5786 	268.454
23.6575 	268.454
25.8404 	268.454
28.1324 	268.454
30.539 	268.454
33.066 	268.454
35.7193 	268.454
38.5052 	268.454
41.4305 	268.454
44.502 	268.454
47.7271 	268.454
51.1135 	268.454
54.6691 	268.454
58.4026 	268.454
62.3227 	268.454
66.4388 	268.454
70.7608 	268.454
75.2988 	268.454
80.0638 	268.454
85.067 	268.454
90.3203 	268.454
95.8363 	268.454
101.628 	268.454
107.71 	268.454
114.095 	268.454
120.8 	268.454
127.84 	268.454
135.232 	268.454
142.993 	268.454
151.143 	268.454
159.7 	268.454
168.685 	268.454
178.119 	268.454
188.025 	268.454
198.427 	268.454
209.348 	268.454
220.815 	268.454
232.856 	268.454
245.499 	268.454
258.774 	268.454
272.713 	268.454
287.348 	268.454
302.716 	268.454
318.851 	268.454
335.794 	268.454
353.584 	268.454
372.263 	268.454
391.876 	268.454
412.47 	268.454
434.093 	268.454
456.798 	268.454
480.638 	268.454
505.67 	268.454
531.953 	268.454
559.551 	268.454
588.529 	268.454
618.955 	268.454
650.903 	268.454
684.448 	268.454
719.67 	268.454
756.654 	268.454
795.486 	268.454
836.261 	268.454
879.074 	268.454
924.027 	268.454
971.229 	268.454
1000 	268.454
0 	282.392
1 	282.392
2.05 	282.392
3.1525 	282.392
4.31013 	282.392
5.52563 	282.392
6.80191 	282.392
8.14201 	282.392
9.54911 	282.392
11.0266 	282.392
12.5779 	282.392
14.2068 	282.392
15.9171 	282.392
17.713 	282.392
19.5986 	282.392
21.5786 	282.392
23.6575 	282.392
25.8404 	282.392
28.1324 	282.392
30.539 	282.392
33.066 	282.392
35.7193 	282.392
38.5052 	282.392
41.4305 	282.392
44.502 	282.392
47.7271 	282.392
51.1135 	282.392
54.6691 	282.392
58.4026 	282.392
62.3227 	282.392
66.4388 	282.392
70.7608 	282.392
75.2988 	282.392
80.0638 	282.392
85.067 	282.392
90.3203 	282.392
95.8363 	282.392
101.628 	282.392
107.71 	282.392
114.095 	282.392
120.8 	282.392
127.84 	282.392
135.232 	282.392
142.993 	282.392
151.143 	282.392
159.7 	282.392
168.685 	282.392
178.119 	282.392
188.025 	282.392
198.427 	282.392
209.348 	282.392
220.815 	282.392
232.856 	282.392
245.499 	282.392
258.774 	282.392
272.713 	282.392
287.348 	282.392
302.716 	282.392
318.851 	282.392
335.794 	282.392
353.584 	282.392
372.263 	282.392
391.876 	282.392
412.47 	282.392
434.093 	282.392
456.798 	282.392
480.638 	282.392
505.67 	282.392
531.953 	282.392
559.551 	282.392
588.529 	282.392
618.955 	282.392
650.903 	282.392
684.448 	282.392
719.67 	282.392
756.654 	282.392
795.486 	282.392
836.261 	282.392
879.074 	282.392
924.027 	282.392
971.229 	282.392
1000 	282.392
0 	297.028
1 	297.028
2.05 	297.028
3.1525 	297.028
4.31013 	297.028
5.52563 	297.028
6.80191 	297.028
8.14201 	297.028
9.54911 	297.028
11.0266 	297.028
12.5779 	297.028
14.2068 	297.028
15.9171 	297.028
17.713 	297.028
19.5986 	297.028
21.5786 	297.028
23.6575 	297.028
25.8404 	297.028
28.1324 	297.028
30.539 	297.028
33.066 	297.028
35.7193 	297.028
38.5052 	297.028
41.4305 	297.028
44.502 	297.028
47.7271 	297.028
51.1135 	297.028
54.6691 	297.028
58.4026 	297.028
62.3227 	297.028
66.4388 	297.028
70.7608 	297.028
75.2988 	297.028
80.0638 	297.028
85.067 	297.028
90.3203 	297.028
95.8363 	297.028
101.628 	297.028
107.71 	297.028
114.095 	297.028
120.8 	297.028
127.84 	297.028
135.232 	297.028
142.993 	297.028
151.143 	297.028
159.7 	297.028
168.685 	297.028
178.119 	297.028
188.025 	297.028
198.427 	297.028
209.348 	297.028
220.815 	297.028
232.856 	297.028
245.499 	297.028
258.774 	297.028
272.713 	297.028
287.348 	297.028
302.716 	297.028
318.851 	297.028
335.794 	297.028
353.584 	297.028
372.263 	297.028
391.876 	297.028
412.47 	297.028
434.093 	297.028
456.798 	297.028
480.638 	297.028
505.67 	297.028
531.953 	297.028
559.551 	297.028
588.529 	297.028
618.955 	297.028
650.903 	297.028
684.448 	297.028
719.67 	297.028
756.654 	297.028
795.486 	297.028
836.261 	297.028
879.074 	297.028
924.027 	297.028
971.229 	297.028
1000 	297.028
0 	312.395
1 	312.395
2.05 	312.395
3.1525 	312.395
4.31013 	312.395
5.52563 	312.395
6.80191 	312.395
8.14201 	312.395
9.54911 	312.395
11.0266 	312.395
12.5779 	312.395
14.2068 	312.395
15.9171 	312.395
17.713 	312.395
19.5986 	312.395
21.5786 	312.395
23.6575 	312.395
25.8404 	312.395
28.1324 	312.395
30.539 	312.395
33.066 	312.395
35.7193 	312.395
38.5052 	312.395
41.4305 	312.395
44.502 	312.395
47.7271 	312.395
51.1135 	312.395
54.6691 	312.395
58.4026 	312.395
62.3227 	312.395
66.4388 	312.395
70.7608 	312.395
75.2988 	312.395
80.0638 	312.395
85.067 	312.395
90.3203 	312.395
95.8363 	312.395
101.628 	312.395
107.71 	312.395
114.095 	312.395
120.8 	312.395
127.84 	312.395
135.232 	312.395
142.993 	312.395
151.143 	312.395
159.7 	312.395
168.685 	312.395
178.119 	312.395
188.025 	312.395
198.427 	312.395
209.348 	312.395
220.815 	312.395
232.856 	312.395
245.499 	312.395
258.774 	312.395
272.713 	312.395
287.348 	312.395
302.716 	312.395
318.851 	312.395
335.794 	312.395
353.584 	312.395
372.263 	312.395
391.876 	312.395
412.47 	312.395
434.093 	312.395
456.798 	312.395
480.638 	312.395
505.67 	312.395
531.953 	312.395
559.551 	312.395
588.529 	312.395
618.955 	312.395
650.903 	312.395
684.448 	312.395
719.67 	312.395
756.654 	312.395
795.486 	312.395
836.261 	312.395
879.074 	312.395
924.027 	312.395
971.229 	312.395
1000 	312.395
0 	328.531
1 	328.531
2.05 	328.531
3.1525 	328.531
4.31013 	328.531
5.52563 	328.531
6.80191 	328.531
8.14201 	328.531
9.54911 	328.531
11.0266 	328.531
12.5779 	328.531
14.2068 	328.531
15.9171 	328.531
17.713 	328.531
19.5986 	328.531
21.5786 	328.531
23.6575 	328.531
25.8404 	328.531
28.1324 	328.531
30.539 	328.531
33.066 	328.531
35.7193 	328.531
38.5052 	328.531
41.4305 	328.531
44.502 	328.531
47.7271 	328.531
51.1135 	328.531
54.6691 	328.531
58.4026 	328.531
62.3227 	328.531
66.4388 	328.531
70.7608 	328.531
75.2988 	328.531
80.0638 	328.531
85.067 	328.531
90.3203 	328.531
95.8363 	328.531
101.628 	328.531
107.71 	328.531
114.095 	328.531
120.8 	328.531
127.84 	328.531
135.232 	328.531
142.993 	328.531
151.143 	328.531
159.7 	328.531
168.685 	328.531
178.119 	328.531
188.025 	328.531
198.427 	328.531
209.348 	328.531
220.815 	328.531
232.856 	328.531
245.499 	328.531
258.774 	328.531
272.713 	328.531
287.348 	328.531
302.716 	328.531
318.851 	328.531
335.794 	328.531
353.584 	328.531
372.263 	328.531
391.876 	328.531
412.47 	328.531
434.093 	328.531
456.798 	328.531
480.638 	328.531
505.67 	328.531
531.953 	328.531
559.551 	328.531
588.529 	328.531
618.955 	328.531
650.903 	328.531
684.448 	328.531
719.67 	328.531
756.654 	328.531
795.486 	328.531
836.261 	328.531
879.074 	328.531
924.027 	328.531
971.229 	328.531
1000 	328.531
0 	345.474
1 	345.474
2.05 	345.474
3.1525 	345.474
4.31013 	345.474
5.52563 	345.474
6.80191 	345.474
8.14201 	345.474
9.54911 	345.474
11.0266 	345.474
12.5779 	345.474
14.2068 	345.474
15.9171 	345.474
17.713 	345.474
19.5986 	345.474
21.5786 	345.474
23.6575 	345.474
25.8404 	345.474
28.1324 	345.474
30.539 	345.474
33.066 	345.474
35.7193 	345.474
38.5052 	345.474
41.4305 	345.474
44.502 	345.474
47.7271 	345.474
51.1135 	345.474
54.6691 	345.474
58.4026 	345.474
62.3227 	345.474
66.4388 	345.474
70.7608 	345.474
75.2988 	345.474
80.0638 	345.474
85.067 	345.474
90.3203 	345.474
95.8363 	345.474
101.628 	345.474
107.71 	345.474
114.095 	345.474
120.8 	345.474
127.84 	345.474
135.232 	345.474
142.993 	345.474
151.143 	345.474
159.7 	345.474
168.685 	345.474
178.119 	345.474
188.025 	345.474
198.427 	345.474
209.348 	345.474
220.815 	345.474
232.856 	345.474
245.499 	345.474
258.774 	345.474
272.713 	345.474
287.348 	345.474
302.716 	345.474
318.851 	345.474
335.794 	345.474
353.584 	345.474
372.263 	345.474
391.876 	345.474
412.47 	345.474
434.093 	345.474
456.798 	345.474
480.638 	345.474
505.67 	345.474
531.953 	345.474
559.551 	345.474
588.529 	345.474
618.955 	345.474
650.903 	345.474
684.448 	345.474
719.67 	345.474
756.654 	345.474
795.486 	345.474
836.261 	345.474
879.074 	345.474
924.027 	345.474
971.229 	345.474
1000 	345.474
0 	363.263
1 	363.263
2.05 	363.263
3.1525 	363.263
4.31013 	363.263
5.52563 	363.263
6.80191 	363.263
8.14201 	363.263
9.54911 	363.263
11.0266 	363.263
12.5779 	363.263
14.2068 	363.263
15.9171 	363.263
17.713 	363.263
19.5986 	363.263
21.5786 	363.263
23.6575 	363.263
25.8404 	363.263
28.1324 	363.263
30.539 	363.263
33.066 	363.263
35.7193 	363.263
38.5052 	363.263
41.4305 	363.263
44.502 	363.263
47.7271 	363.263
51.1135 	363.263
54.6691 	363.263
58.4026 	363.263
62.3227 	363.263
66.4388 	363.263
70.7608 	363.263
75.2988 	363.263
80.0638 	363.263
85.067 	363.263
90.3203 	363.263
95.8363 	363.263
101.628 	363.263
107.71 	363.263
114.095 	363.263
120.8 	363.263
127.84 	363.263
135.232 	363.263
142.993 	363.263
151.143 	363.263
159.7 	363.263
168.685 	363.263
178.119 	363.263
188.025 	363.263
198.427 	363.263
209.348 	363.263
220.815 	363.263
232.856 	363.263
245.499 	363.263
258.774 	363.263
272.713 	363.263
287.348 	363.263
302.716 	363.263
318.851 	363.263
335.794 	363.263
353.584 	363.263
372.263 	363.263
391.876 	363.263
412.47 	363.263
434.093 	363.263
456.798 	363.263
480.638 	363.263
505.67 	363.263
531.953 	363.263
559.551 	363.263
588.529 	363.263
618.955 	363.263
650.903 	363.263
684.448 	363.263
719.67 	363.263
756.654 	363.263
795.486 	363.263
836.261 	363.263
879.074 	363.263
924.027 	363.263
971.229 	363.263
1000 	363.263
0 	381.943
1 	381.943
2.05 	381.943
3.1525 	381.943
4.31013 	381.943
5.52563 	381.943
6.80191 	381.943
8.14201 	381.943
9.54911 	381.943
11.0266 	381.943
12.5779 	381.943
14.2068 	381.943
15.9171 	381.943
17.713 	381.943
19.5986 	381.943
21.5786 	381.943
23.6575 	381.943
25.8404 	381.943
28.1324 	381.943
30.539 	381.943
33.066 	381.943
35.7193 	381.943
38.5052 	381.943
41.4305 	381.943
44.502 	381.943
47.7271 	381.943
51.1135 	381.943
54.6691 	381.943
58.4026 	381.943
62.3227 	381.943
66.4388 	381.943
70.7608 	381.943
75.2988 	381.943
80.0638 	381.943
85.067 	381.943
90.3203 	381.943
95.8363 	381.943
101.628 	381.943
107.71 	381.943
114.095 	381.943
120.8 	381.943
127.84 	381.943
135.232 	381.943
142.993 	381.943
151.143 	381.943
159.7 	381.943
168.685 	381.943
178.119 	381.943
188.025 	381.943
198.427 	381.943
209.348 	381.943
220.815 	381.943
232.856 	381.943
245.499 	381.943
258.774 	381.943
272.713 	381.943
287.348 	381.943
302.716 	381.943
318.851 	381.943
335.794 	381.943
353.584 	381.943
372.263 	381.943
391.876 	381.943
412.47 	381.943
434.093 	381.943
456.798 	381.943
480.638 	381.943
505.67 	381.943
531.953 	381.943
559.551 	381.943
588.529 	381.943
618.955 	381.943
650.903 	381.943
684.448 	381.943
719.67 	381.943
756.654 	381.943
795.486 	381.943
836.261 	381.943
879.074 	381.943
924.027 	381.943
971.229 	381.943
1000 	381.943
0 	400
1 	400
2.05 	400
3.1525 	400
4.31013 	400
5.52563 	400
6.80191 	400
8.14201 	400
9.54911 	400
11.0266 	400
12.5779 	400
14.2068 	400
15.9171 	400
17.713 	400
19.5986 	400
21.5786 	400
23.6575 	400
25.8404 	400
28.1324 	400
30.539 	400
33.066 	400
35.7193 	400
38.5052 	400
41.4305 	400
44.502 	400
47.7271 	400
51.1135 	400
54.6691 	400
58.4026 	400
62.3227 	400
66.4388 	400
70.7608 	400
75.2988 	400
80.0638 	400
85.067 	400
90.3203 	400
95.8363 	400
101.628 	400
107.71 	400
114.095 	400
120.8 	400
127.84 	400
135.232 	400
142.993 	400
151.143 	400
159.7 	400
168.685 	400
178.119 	400
188.025 	400
198.427 	400
209.348 	400
220.815 	400
232.856 	400
245.499 	400
258.774 	400
272.713 	400
287.348 	400
302.716 	400
318.851 	400
335.794 	400
353.584 	400
372.263 	400
391.876 	400
412.47 	400
434.093 	400
456.798 	400
480.638 	400
505.67 	400
531.953 	400
559.551 	400
588.529 	400
618.955 	400
650.903 	400
684.448 	400
719.67 	400
756.654 	400
795.486 	400
836.261 	400
879.074 	400
924.027 	400
971.229 	400
1000 	400
0 	418.679
1 	418.679
2.05 	418.679
3.1525 	418.679
4.31013 	418.679
5.52563 	418.679
6.80191 	418.679
8.14201 	418.679
9.54911 	418.679
11.0266 	418.679
12.5779 	418.679
14.2068 	418.679
15.9171 	418.679
17.713 	418.679
19.5986 	418.679
21.5786 	418.679
23.6575 	418.679
25.8404 	418.679
28.1324 	418.679
30.539 	418.679
33.066 	418.679
35.7193 	418.679
38.5052 	418.679
41.4305 	418.679
44.502 	418.679
47.7271 	418.679
51.1135 	418.679
54.6691 	418.679
58.4026 	418.679
62.3227 	418.679
66.4388 	418.679
70.7608 	418.679
75.2988 	418.679
80.0638 	418.679
85.067 	418.679
90.3203 	418.679
95.8363 	418.679
101.628 	418.679
107.71 	418.679
114.095 	418.679
120.8 	418.679
127.84 	418.679
135.232 	418.679
142.993 	418.679
151.143 	418.679
159.7 	418.679
168.685 	418.679
178.119 	418.679
188.025 	418.679
198.427 	418.679
209.348 	418.679
220.815 	418.679
232.856 	418.679
245.499 	418.679
258.774 	418.679
272.713 	418.679
287.348 	418.679
302.716 	418.679
318.851 	418.679
335.794 	418.679
353.584 	418.679
372.263 	418.679
391.876 	418.679
412.47 	418.679
434.093 	418.679
456.798 	418.679
480.638 	418.679
505.67 	418.679
531.953 	418.679
559.551 	418.679
588.529 	418.679
618.955 	418.679
650.903 	418.679
684.448 	418.679
719.67 	418.679
756.654 	418.679
795.486 	418.679
836.261 	418.679
879.074 	418.679
924.027 	418.679
971.229 	418.679
1000 	418.679
0 	438.292
1 	438.292
2.05 	438.292
3.1525 	438.292
4.31013 	438.292
5.52563 	438.292
6.80191 	438.292
8.14201 	438.292
9.54911 	438.292
11.0266 	438.292
12.5779 	438.292
14.2068 	438.292
15.9171 	438.292
17.713 	438.292
19.5986 	438.292
21.5786 	438.292
23.6575 	438.292
25.8404 	438.292
28.1324 	438.292
30.539 	438.292
33.066 	438.292
35.7193 	438.292
38.5052 	438.292
41.4305 	438.292
44.502 	438.292
47.7271 	438.292
51.1135 	438.292
54.6691 	438.292
58.4026 	438.292
62.3227 	438.292
66.4388 	438.292
70.7608 	438.292
75.2988 	438.292
80.0638 	438.292
85.067 	438.292
90.3203 	438.292
95.8363 	438.292
101.628 	438.292
107.71 	438.292
114.095 	438.292
120.8 	438.292
127.84 	438.292
135.232 	438.292
142.993 	438.292
151.143 	438.292
159.7 	438.292
168.685 	438.292
178.119 	438.292
188.025 	438.292
198.427 	438.292
209.348 	438.292
220.815 	438.292
232.856 	438.292
245.499 	438.292
258.774 	438.292
272.713 	438.292
287.348 	438.292
302.716 	438.292
318.851 	438.292
335.794 	438.292
353.584 	438.292
372.263 	438.292
391.876 	438.292
412.47 	438.292
434.093 	438.292
456.798 	438.292
480.638 	438.292
505.67 	438.292
531.953 	438.292
559.551 	438.292
588.529 	438.292
618.955 	438.292
650.903 	438.292
684.448 	438.292
719.67 	438.292
756.654 	438.292
795.486 	438.292
836.261 	438.292
879.074 	438.292
924.027 	438.292
971.229 	438.292
1000 	438.292
0 	458.886
1 	458.886
2.05 	458.886
3.1525 	458.886
4.31013 	458.886
5.52563 	458.886
6.80191 	458.886
8.14201 	458.886
9.54911 	458.886
11.0266 	458.886
12.5779 	458.886
14.2068 	458.886
15.9171 	458.886
17.713 	458.886
19.5986 	458.886
21.5786 	458.886
23.6575 	458.886
25.8404 	458.886
28.1324 	458.886
30.539 	458.886
33.066 	458.886
35.7193 	458.886
38.5052 	458.886
41.4305 	458.886
44.502 	458.886
47.7271 	458.886
51.1135 	458.886
54.6691 	458.886
58.4026 	458.886
62.3227 	458.886
66.4388 	458.886
70.7608 	458.886
75.2988 	458.886
80.0638 	458.886
85.067 	458.886
90.3203 	458.886
95.8363 	458.886
101.628 	458.886
107.71 	458.886
114.095 	458.886
120.8 	458.886
127.84 	458.886
135.232 	458.886
142.993 	458.886
151.143 	458.886
159.7 	458.886
168.685 	458.886
178.119 	458.886
188.025 	458.886
198.427 	458.886
209.348 	458.886
220.815 	458.886
232.856 	458.886
245.499 	458.886
258.774 	458.886
272.713 	458.886
287.348 	458.886
302.716 	458.886
318.851 	458.886
335.794 	458.886
353.584 	458.886
372.263 	458.886
391.876 	458.886
412.47 	458.886
434.093 	458.886
456.798 	458.886
480.638 	458.886
505.67 	458.886
531.953 	458.886
559.551 	458.886
588.529 	458.886
618.955 	458.886
650.903 	458.886
684.448 	458.886
719.67 	458.886
756.654 	458.886
795.486 	458.886
836.261 	458.886
879.074 	458.886
924.027 	458.886
971.229 	458.886
1000 	458.886
0 	480.51
1 	480.51
2.05 	480.51
3.1525 	480.51
4.31013 	480.51
5.52563 	480.51
6.80191 	480.51
8.14201 	480.51
9.54911 	480.51
11.0266 	480.51
12.5779 	480.51
14.2068 	480.51
15.9171 	480.51
17.713 	480.51
19.5986 	480.51
21.5786 	480.51
23.6575 	480.51
25.8404 	480.51
28.1324 	480.51
30.539 	480.51
33.066 	480.51
35.7193 	480.51
38.5052 	480.51
41.4305 	480.51
44.502 	480.51
47.7271 	480.51
51.1135 	480.51
54.6691 	480.51
58.4026 	480.51
62.3227 	480.51
66.4388 	480.51
70.7608 	480.51
75.2988 	480.51
80.0638 	480.51
85.067 	480.51
90.3203 	480.51
95.8363 	480.51
101.628 	480.51
107.71 	480.51
114.095 	480.51
120.8 	480.51
127.84 	480.51
135.232 	480.51
142.993 	480.51
151.143 	480.51
159.7 	480.51
168.685 	480.51
178.119 	480.51
188.025 	480.51
198.427 	480.51
209.348 	480.51
220.815 	480.51
232.856 	480.51
245.499 	480.51
258.774 	480.51
272.713 	480.51
287.348 	480.51
302.716 	480.51
318.851 	480.51
335.794 	480.51
353.584 	480.51
372.263 	480.51
391.876 	480.51
412.47 	480.51
434.093 	480.51
456.798 	480.51
480.638 	480.51
505.67 	480.51
531.953 	480.51
559.551 	480.51
588.529 	480.51
618.955 	480.51
650.903 	480.51
684.448 	480.51
719.67 	480.51
756.654 	480.51
795.486 	480.51
836.261 	480.51
879.074 	480.51
924.027 	480.51
971.229 	480.51
1000 	480.51
0 	500
1 	500
2.05 	500
3.1525 	500
4.31013 	500
5.52563 	500
6.80191 	500
8.14201 	500
9.54911 	500
11.0266 	500
12.5779 	500
14.2068 	500
15.9171 	500
17.713 	500
19.5986 	500
21.5786 	500
23.6575 	500
25.8404 	500
28.1324 	500
30.539 	500
33.066 	500
35.7193 	500
38.5052 	500
41.4305 	500
44.502 	500
47.7271 	500
51.1135 	500
54.6691 	500
58.4026 	500
62.3227 	500
66.4388 	500
70.7608 	500
75.2988 	500
80.0638 	500
85.067 	500
90.3203 	500
95.8363 	500
101.628 	500
107.71 	500
114.095 	500
120.8 	500
127.84 	500
135.232 	500
142.993 	500
151.143 	500
159.7 	500
168.685 	500
178.119 	500
188.025 	500
198.427 	500
209.348 	500
220.815 	500
232.856 	500
245.499 	500
258.774 	500
272.713 	500
287.348 	500
302.716 	500
318.851 	500
335.794 	500
353.584 	500
372.263 	500
391.876 	500
412.47 	500
434.093 	500
456.798 	500
480.638 	500
505.67 	500
531.953 	500
559.551 	500
588.529 	500
618.955 	500
650.903 	500
684.448 	500
719.67 	500
756.654 	500
795.486 	500
836.261 	500
879.074 	500
924.027 	500
971.229 	500
1000 	500
