9.00000000e+00
8.81053162e+00
8.43764172e+00
7.71604938e+00
6.36961451e+00
4.06374402e+00
1.00000000e+00
2.25000000e+00
4.00000000e+00
6.25000000e+00
9.00000000e+00
1.22500000e+01
1.60000000e+01
2.02500000e+01
2.50000000e+01
9.00000000e+00
8.81053162e+00
8.43764172e+00
7.71604938e+00
6.36961451e+00
4.06374402e+00
1.00000000e+00
2.25000000e+00
4.00000000e+00
6.25000000e+00
9.00000000e+00
1.22500000e+01
1.60000000e+01
2.02500000e+01
2.50000000e+01
9.00000000e+00
8.81053162e+00
8.43764172e+00
7.71604938e+00
6.36961451e+00
4.06374402e+00
1.00000000e+00
2.25000000e+00
4.00000000e+00
6.25000000e+00
9.00000000e+00
1.22500000e+01
1.60000000e+01
2.02500000e+01
2.50000000e+01
9.00000000e+00
8.81053162e+00
8.43764172e+00
7.71604938e+00
6.36961451e+00
4.06374402e+00
1.00000000e+00
2.25000000e+00
4.00000000e+00
6.25000000e+00
9.00000000e+00
1.22500000e+01
1.60000000e+01
2.02500000e+01
2.50000000e+01
9.00000000e+00
8.81053162e+00
8.43764172e+00
7.71604938e+00
6.36961451e+00
4.06374402e+00
1.00000000e+00
2.25000000e+00
4.00000000e+00
6.25000000e+00
9.00000000e+00
1.22500000e+01
1.60000000e+01
2.02500000e+01
2.50000000e+01
9.00000000e+00
8.81053162e+00
8.43764172e+00
7.71604938e+00
6.36961451e+00
4.06374402e+00
1.00000000e+00
2.25000000e+00
4.00000000e+00
6.25000000e+00
9.00000000e+00
1.22500000e+01
1.60000000e+01
2.02500000e+01
2.50000000e+01
9.00000000e+00
8.81053162e+00
8.43764172e+00
7.71604938e+00
6.36961451e+00
4.06374402e+00
1.00000000e+00
2.25000000e+00
4.00000000e+00
6.25000000e+00
9.00000000e+00
1.22500000e+01
1.60000000e+01
2.02500000e+01
2.50000000e+01
9.00000000e+00
8.81053162e+00
8.43764172e+00
7.71604938e+00
6.36961451e+00
4.06374402e+00
1.00000000e+00
2.25000000e+00
4.00000000e+00
6.25000000e+00
9.00000000e+00
1.22500000e+01
1.60000000e+01
2.02500000e+01
2.50000000e+01
9.00000000e+00
8.81053162e+00
8.43764172e+00
7.71604938e+00
6.36961451e+00
4.06374402e+00
1.00000000e+00
2.25000000e+00
4.00000000e+00
6.25000000e+00
9.00000000e+00
1.22500000e+01
1.60000000e+01
2.02500000e+01
2.50000000e+01
9.00000000e+00
8.81053162e+00
8.43764172e+00
7.71604938e+00
6.36961451e+00
4.06374402e+00
1.00000000e+00
2.25000000e+00
4.00000000e+00
6.25000000e+00
9.00000000e+00
1.22500000e+01
1.60000000e+01
2.02500000e+01
2.50000000e+01
9.00000000e+00
8.81053162e+00
8.43764172e+00
7.71604938e+00
6.36961451e+00
4.06374402e+00
1.00000000e+00
2.25000000e+00
4.00000000e+00
6.25000000e+00
9.00000000e+00
1.22500000e+01
1.60000000e+01
2.02500000e+01
2.50000000e+01
9.00000000e+00
8.81053162e+00
8.43764172e+00
7.71604938e+00
6.36961451e+00
4.06374402e+00
1.00000000e+00
2.25000000e+00
4.00000000e+00
6.25000000e+00
9.00000000e+00
1.22500000e+01
1.60000000e+01
2.02500000e+01
2.50000000e+01
9.00000000e+00
8.81053162e+00
8.43764172e+00
7.71604938e+00
6.36961451e+00
4.06374402e+00
1.00000000e+00
2.25000000e+00
4.00000000e+00
6.25000000e+00
9.00000000e+00
1.22500000e+01
1.60000000e+01
2.02500000e+01
2.50000000e+01
9.00000000e+00
8.81053162e+00
8.43764172e+00
7.71604938e+00
6.36961451e+00
4.06374402e+00
1.00000000e+00
2.25000000e+00
4.00000000e+00
6.25000000e+00
9.00000000e+00
1.22500000e+01
1.60000000e+01
2.02500000e+01
2.50000000e+01
